(2, 1808, 2432)
(2, 1908, 4862)
(3, 1909, 28415)
(3, 1408, 27325)
(9, 1375, 3215)
(9, 2696, 385)
(9, 5123, 620)
(13, 1408, 2432)
(49, 1375, 2432)
(201, 1250, 9964)
(201, 1252, 8388)
(300, 3234, 33026)
(300, 3232, 30632)
(401, 4326, 6655)
(401, 403, 2647)
(401, 4323, 1804)
(402, 405, 4777)
(402, 404, 7171)
(403, 401, 2647)
(403, 406, 261)
(404, 402, 7171)
(404, 4324, 2526)
(404, 4325, 11887)
(405, 406, 2519)
(405, 402, 4777)
(406, 403, 261)
(406, 405, 2519)
(600, 4793, 47407)
(600, 4674, 45389)
(601, 4675, 37995)
(601, 4792, 40185)
(940, 5502, 309061)
(940, 4062, 154996)
(940, 5029, 162337)
(941, 5501, 2432)
(942, 5501, 2432)
(945, 4549, 55887)
(945, 3164, 17641)
(945, 3132, 111401)
(945, 4584, 20442)
(945, 4603, 109169)
(946, 4586, 110298)
(946, 4552, 119239)
(946, 4583, 12491)
(956, 5504, 2432)
(959, 4433, 23583)
(959, 5503, 4862)
(959, 4063, 30385)
(959, 4477, 24301)
(959, 5021, 22613)
(959, 4270, 63914)
(1001, 1007, 6658)
(1001, 1065, 4804)
(1002, 1066, 22560)
(1002, 1008, 21436)
(1005, 1008, 8422)
(1005, 1044, 6744)
(1007, 1069, 22437)
(1007, 1001, 6658)
(1007, 1749, 21736)
(1007, 1009, 41653)
(1008, 1010, 10842)
(1008, 1005, 8422)
(1008, 1002, 21436)
(1008, 1070, 21934)
(1009, 1007, 41653)
(1009, 1011, 43249)
(1010, 1012, 11948)
(1010, 1008, 10842)
(1011, 1009, 43249)
(1011, 1013, 44911)
(1012, 1014, 13214)
(1012, 1010, 11948)
(1013, 1011, 44911)
(1013, 1015, 46911)
(1014, 1016, 15156)
(1014, 1012, 13214)
(1015, 1013, 46911)
(1015, 1486, 49017)
(1016, 1487, 17212)
(1016, 1014, 15156)
(1017, 1841, 41792)
(1017, 1084, 8473)
(1017, 1019, 19185)
(1017, 2696, 25393)
(1017, 1117, 17823)
(1017, 1083, 8558)
(1017, 1091, 66067)
(1017, 2697, 20108)
(1017, 1020, 2346)
(1017, 1093, 15013)
(1017, 1085, 4471)
(1017, 1094, 38779)
(1018, 1276, 17691)
(1018, 1343, 15791)
(1019, 1017, 19185)
(1019, 1086, 16769)
(1020, 1085, 86)
(1020, 1017, 2346)
(1027, 1667, 7758)
(1027, 1030, 5436)
(1028, 1029, 5811)
(1028, 1668, 8175)
(1029, 1032, 3475)
(1029, 1028, 5811)
(1030, 1027, 5436)
(1030, 1031, 3126)
(1031, 1030, 3126)
(1031, 1109, 1690)
(1032, 1110, 1181)
(1032, 1029, 3475)
(1033, 1650, 4903)
(1033, 1036, 2557)
(1034, 1035, 27670)
(1034, 1649, 30028)
(1035, 1037, 25320)
(1035, 1034, 27670)
(1036, 1033, 2557)
(1036, 1038, 215)
(1037, 1811, 22972)
(1037, 1035, 25320)
(1038, 1036, 215)
(1038, 1811, 2631)
(1044, 1005, 6744)
(1044, 1055, 4365)
(1044, 1183, 3470)
(1044, 5123, 3953)
(1045, 1054, 5130)
(1045, 1182, 6887)
(1045, 5123, 9135)
(1045, 1749, 19664)
(1046, 1064, 13986)
(1046, 1816, 12170)
(1047, 1815, 13697)
(1047, 1063, 15477)
(1052, 1696, 7180)
(1052, 1057, 6016)
(1053, 1056, 6987)
(1053, 1660, 8569)
(1054, 1057, 5148)
(1054, 1045, 5130)
(1055, 1044, 4365)
(1055, 1056, 5671)
(1056, 1055, 5671)
(1056, 1053, 6987)
(1057, 1052, 6016)
(1057, 1054, 5148)
(1059, 2718, 35693)
(1059, 1061, 58399)
(1059, 1067, 27830)
(1060, 1344, 16408)
(1060, 1277, 18220)
(1061, 1059, 58399)
(1061, 1446, 6280)
(1061, 1407, 7187)
(1061, 1374, 93973)
(1061, 1741, 49075)
(1061, 1630, 24120)
(1062, 1445, 6640)
(1062, 2719, 12601)
(1062, 1631, 14493)
(1062, 1740, 20594)
(1062, 1406, 5047)
(1062, 1373, 27107)
(1063, 1047, 15477)
(1063, 2713, 17337)
(1064, 2718, 16144)
(1064, 1046, 13986)
(1065, 1001, 4804)
(1065, 1068, 6804)
(1065, 1077, 168)
(1066, 1067, 25706)
(1066, 1002, 22560)
(1066, 1078, 1304)
(1067, 1059, 27830)
(1067, 1066, 25706)
(1068, 1065, 6804)
(1068, 2719, 8818)
(1069, 1071, 20051)
(1069, 1007, 22437)
(1070, 1008, 21934)
(1070, 1072, 19554)
(1071, 1073, 17667)
(1071, 1069, 20051)
(1072, 1070, 19554)
(1072, 1074, 17172)
(1073, 1075, 15285)
(1073, 1071, 17667)
(1074, 1072, 17172)
(1074, 1076, 14798)
(1075, 1577, 12907)
(1075, 1073, 15285)
(1076, 1074, 14798)
(1076, 1576, 12428)
(1077, 1080, 3914)
(1077, 2696, 945)
(1077, 1065, 168)
(1077, 2719, 1365)
(1078, 2697, 657)
(1078, 1079, 3417)
(1078, 1066, 1304)
(1079, 1078, 3417)
(1079, 1081, 5095)
(1080, 1082, 5590)
(1080, 1077, 3914)
(1081, 1079, 5095)
(1081, 1083, 6853)
(1082, 1084, 7344)
(1082, 1080, 5590)
(1083, 1081, 6853)
(1083, 1017, 8558)
(1083, 1094, 247)
(1084, 1017, 8473)
(1084, 1082, 7344)
(1084, 1085, 803)
(1085, 1089, 2569)
(1085, 1020, 86)
(1085, 1094, 295)
(1085, 1017, 4471)
(1085, 1084, 803)
(1086, 1019, 16769)
(1086, 1090, 14387)
(1089, 1092, 195)
(1089, 1085, 2569)
(1090, 1086, 14387)
(1090, 1606, 12009)
(1091, 1017, 66067)
(1091, 1840, 67411)
(1092, 1094, 2293)
(1092, 1089, 195)
(1093, 1017, 15013)
(1093, 1118, 13013)
(1094, 1096, 34770)
(1094, 1092, 2293)
(1094, 1083, 247)
(1094, 1085, 295)
(1094, 1017, 38779)
(1095, 1606, 9637)
(1095, 1650, 7269)
(1096, 1649, 32396)
(1096, 1094, 34770)
(1109, 1031, 1690)
(1109, 1112, 3578)
(1110, 1111, 3025)
(1110, 1032, 1181)
(1111, 1114, 4957)
(1111, 1110, 3025)
(1112, 1109, 3578)
(1112, 1113, 5518)
(1113, 1112, 5518)
(1113, 1115, 7486)
(1114, 1116, 6933)
(1114, 1111, 4957)
(1115, 1113, 7486)
(1115, 1811, 9708)
(1116, 1811, 9159)
(1116, 1114, 6933)
(1117, 1120, 18507)
(1117, 1017, 17823)
(1118, 1093, 13013)
(1118, 1119, 14371)
(1119, 1118, 14371)
(1119, 1557, 15871)
(1120, 1558, 19951)
(1120, 1117, 18507)
(1121, 1558, 12212)
(1121, 1123, 9808)
(1122, 1124, 10068)
(1122, 1557, 12474)
(1123, 1121, 9808)
(1123, 1125, 7402)
(1124, 1126, 7662)
(1124, 1122, 10068)
(1125, 1123, 7402)
(1125, 1127, 7804)
(1126, 1128, 6400)
(1126, 1124, 7662)
(1127, 1125, 7804)
(1127, 1130, 8232)
(1128, 1129, 6820)
(1128, 1126, 6400)
(1129, 1131, 7268)
(1129, 1128, 6820)
(1130, 1127, 8232)
(1130, 1132, 8674)
(1131, 1133, 7720)
(1131, 1129, 7268)
(1132, 1130, 8674)
(1132, 1134, 9116)
(1133, 1135, 8292)
(1133, 1131, 7720)
(1134, 1132, 9116)
(1134, 1136, 10014)
(1135, 1137, 9770)
(1135, 1133, 8292)
(1136, 1134, 10014)
(1136, 1138, 11146)
(1137, 1139, 11272)
(1137, 1135, 9770)
(1138, 1136, 11146)
(1138, 1140, 12574)
(1139, 1560, 12804)
(1139, 1137, 11272)
(1140, 1138, 12574)
(1140, 1561, 14072)
(1143, 1539, 8877)
(1143, 1148, 10789)
(1144, 1148, 10120)
(1144, 1540, 8258)
(1147, 1840, 1073)
(1147, 2680, 78805)
(1147, 1568, 24058)
(1147, 1150, 20811)
(1147, 1542, 50673)
(1148, 1144, 10120)
(1148, 2678, 88504)
(1148, 1841, 10152)
(1148, 1149, 23864)
(1148, 1545, 35605)
(1148, 1569, 23798)
(1148, 1143, 10789)
(1149, 1151, 22658)
(1149, 1148, 23864)
(1150, 1147, 20811)
(1150, 1152, 19763)
(1151, 1699, 11626)
(1151, 1149, 22658)
(1151, 1154, 11498)
(1152, 1150, 19763)
(1152, 1153, 9096)
(1152, 1698, 12803)
(1153, 1152, 9096)
(1153, 1155, 7012)
(1154, 1156, 10000)
(1154, 1151, 11498)
(1155, 1153, 7012)
(1155, 1157, 5220)
(1156, 1158, 8796)
(1156, 1154, 10000)
(1157, 1155, 5220)
(1157, 1159, 4024)
(1158, 1160, 7760)
(1158, 1156, 8796)
(1159, 1157, 4024)
(1159, 1197, 3992)
(1160, 1198, 9252)
(1160, 1158, 7760)
(1161, 1197, 5998)
(1161, 1162, 8116)
(1162, 1161, 8116)
(1162, 1164, 10254)
(1163, 1165, 15430)
(1163, 1168, 13236)
(1164, 1162, 10254)
(1164, 1167, 12526)
(1165, 1166, 17648)
(1165, 1163, 15430)
(1166, 1174, 19902)
(1166, 1165, 17648)
(1167, 1164, 12526)
(1167, 1170, 14814)
(1168, 1163, 13236)
(1168, 1198, 11178)
(1170, 1167, 14814)
(1170, 1171, 30341)
(1170, 2382, 24925)
(1171, 1170, 30341)
(1171, 1173, 32537)
(1172, 1836, 116963)
(1172, 1340, 168357)
(1172, 1176, 51296)
(1172, 1174, 36386)
(1173, 1339, 151365)
(1173, 1837, 136636)
(1173, 1171, 32537)
(1173, 1177, 33564)
(1174, 1172, 36386)
(1174, 2095, 16918)
(1174, 1166, 19902)
(1176, 1179, 22594)
(1176, 1172, 51296)
(1176, 1180, 28896)
(1177, 1173, 33564)
(1177, 1181, 13571)
(1177, 1178, 21865)
(1178, 1177, 21865)
(1178, 1462, 19461)
(1179, 1463, 20190)
(1179, 1176, 22594)
(1180, 1465, 10780)
(1180, 1176, 28896)
(1180, 1599, 27708)
(1181, 1177, 13571)
(1181, 1600, 18047)
(1181, 1464, 17458)
(1182, 1741, 30515)
(1182, 1184, 35875)
(1182, 1045, 6887)
(1182, 5123, 4539)
(1183, 1243, 43531)
(1183, 1044, 3470)
(1183, 1740, 39247)
(1183, 5123, 10320)
(1184, 1182, 35875)
(1184, 1185, 33489)
(1185, 1184, 33489)
(1185, 1186, 31107)
(1186, 1185, 31107)
(1186, 1187, 28737)
(1187, 1186, 28737)
(1187, 1188, 26385)
(1188, 1187, 26385)
(1188, 1189, 24039)
(1189, 1188, 24039)
(1189, 1190, 21711)
(1190, 1189, 21711)
(1190, 1666, 19391)
(1191, 1192, 24779)
(1191, 1237, 27067)
(1192, 1193, 22501)
(1192, 1191, 24779)
(1193, 1903, 20225)
(1193, 1192, 22501)
(1194, 1234, 12541)
(1194, 2717, 2759)
(1194, 1199, 8726)
(1195, 2717, 2331)
(1195, 1196, 3819)
(1196, 1195, 3819)
(1196, 1903, 6095)
(1197, 1159, 3992)
(1197, 1161, 5998)
(1198, 1168, 11178)
(1198, 1160, 9252)
(1199, 1200, 6368)
(1199, 1194, 8726)
(1200, 1231, 4208)
(1200, 1199, 6368)
(1201, 1202, 1930)
(1201, 1231, 2796)
(1202, 1203, 4284)
(1202, 1201, 1930)
(1203, 1204, 17274)
(1203, 1202, 4284)
(1203, 1262, 155)
(1203, 1639, 11417)
(1204, 1205, 19588)
(1204, 1203, 17274)
(1205, 1206, 21910)
(1205, 1204, 19588)
(1206, 1216, 24240)
(1206, 1205, 21910)
(1207, 1208, 4806)
(1207, 1218, 7146)
(1208, 1261, 2472)
(1208, 1207, 4806)
(1210, 6018, 11087)
(1210, 6005, 8757)
(1211, 1212, 27511)
(1211, 1691, 25149)
(1212, 1213, 29885)
(1212, 1211, 27511)
(1213, 1216, 32259)
(1213, 1212, 29885)
(1214, 1223, 4797)
(1214, 1262, 2469)
(1215, 2698, 67492)
(1215, 1216, 65166)
(1216, 1215, 65166)
(1216, 1213, 32259)
(1216, 1206, 24240)
(1216, 1223, 7135)
(1217, 1218, 60708)
(1217, 2699, 63020)
(1218, 1207, 7146)
(1218, 1812, 2432)
(1218, 1224, 22403)
(1218, 1219, 27377)
(1218, 1217, 60708)
(1219, 1220, 24997)
(1219, 1218, 27377)
(1220, 1221, 22615)
(1220, 1219, 24997)
(1221, 1692, 20241)
(1221, 1220, 22615)
(1223, 1216, 7135)
(1223, 1214, 4797)
(1224, 1225, 20069)
(1224, 1218, 22403)
(1225, 1226, 17745)
(1225, 1224, 20069)
(1226, 1227, 15567)
(1226, 1261, 144)
(1226, 1225, 17745)
(1227, 1638, 11291)
(1227, 1226, 15567)
(1227, 1228, 2744)
(1228, 1229, 3496)
(1228, 1227, 2744)
(1229, 1230, 4500)
(1229, 1228, 3496)
(1230, 1232, 5942)
(1230, 1229, 4500)
(1231, 1201, 2796)
(1231, 1200, 4208)
(1232, 1233, 8146)
(1232, 1230, 5942)
(1233, 1904, 10494)
(1233, 1232, 8146)
(1234, 1235, 14819)
(1234, 1194, 12541)
(1235, 1666, 17099)
(1235, 1234, 14819)
(1237, 1191, 27067)
(1237, 1238, 29383)
(1238, 1237, 29383)
(1238, 1239, 31709)
(1239, 1238, 31709)
(1239, 1240, 34047)
(1240, 1239, 34047)
(1240, 1241, 36409)
(1241, 1240, 36409)
(1241, 1242, 38775)
(1242, 1241, 38775)
(1242, 1243, 41147)
(1243, 1242, 41147)
(1243, 1183, 43531)
(1246, 2206, 128238)
(1246, 2690, 129234)
(1248, 2203, 13202)
(1248, 1250, 11560)
(1249, 1251, 9727)
(1249, 2204, 11301)
(1250, 1248, 11560)
(1250, 201, 9964)
(1251, 1253, 8223)
(1251, 1249, 9727)
(1252, 201, 8388)
(1252, 2423, 6912)
(1253, 2424, 6749)
(1253, 1251, 8223)
(1258, 1259, 66155)
(1258, 2521, 67581)
(1259, 2542, 37039)
(1259, 2496, 6112)
(1259, 5105, 2094)
(1259, 1269, 38158)
(1259, 1258, 66155)
(1260, 2646, 89715)
(1260, 2647, 88295)
(1261, 1226, 144)
(1261, 1208, 2472)
(1262, 1214, 2469)
(1262, 1203, 155)
(1263, 2497, 6683)
(1263, 2582, 46699)
(1263, 5105, 4138)
(1263, 2647, 86969)
(1263, 1264, 41649)
(1264, 2542, 32642)
(1264, 2164, 17910)
(1264, 1263, 41649)
(1264, 1265, 67345)
(1265, 1264, 67345)
(1265, 1266, 65825)
(1266, 1265, 65825)
(1266, 1267, 64357)
(1267, 1266, 64357)
(1267, 1272, 62899)
(1268, 1273, 68964)
(1268, 1271, 70422)
(1269, 1270, 73376)
(1269, 1259, 38158)
(1269, 2165, 19460)
(1269, 2582, 45500)
(1270, 1271, 71888)
(1270, 1269, 73376)
(1271, 1268, 70422)
(1271, 1270, 71888)
(1272, 1267, 62899)
(1272, 1274, 61473)
(1273, 1275, 67546)
(1273, 1268, 68964)
(1274, 1272, 61473)
(1274, 1276, 60057)
(1275, 1277, 66132)
(1275, 1273, 67546)
(1276, 1274, 60057)
(1276, 1018, 17691)
(1276, 1280, 42258)
(1277, 1278, 47740)
(1277, 1275, 66132)
(1277, 1060, 18220)
(1278, 1279, 46268)
(1278, 1277, 47740)
(1279, 1282, 44794)
(1279, 1278, 46268)
(1280, 1276, 42258)
(1280, 1281, 40774)
(1281, 1280, 40774)
(1281, 1283, 39290)
(1282, 1284, 43330)
(1282, 1279, 44794)
(1283, 1281, 39290)
(1283, 1285, 37826)
(1284, 1287, 41870)
(1284, 1282, 43330)
(1285, 1283, 37826)
(1285, 1286, 36366)
(1286, 1285, 36366)
(1286, 1289, 34954)
(1287, 1288, 40422)
(1287, 1284, 41870)
(1288, 1290, 39016)
(1288, 1287, 40422)
(1289, 1286, 34954)
(1289, 1291, 33554)
(1290, 1292, 37620)
(1290, 1288, 39016)
(1291, 1289, 33554)
(1291, 1293, 33138)
(1292, 1294, 37950)
(1292, 1290, 37620)
(1293, 1291, 33138)
(1293, 1295, 33646)
(1294, 1296, 39012)
(1294, 1292, 37950)
(1295, 1293, 33646)
(1295, 1298, 34984)
(1296, 1297, 40648)
(1296, 1294, 39012)
(1297, 1299, 38770)
(1297, 1296, 40648)
(1297, 1416, 13724)
(1298, 1415, 14282)
(1298, 1300, 34760)
(1298, 1295, 34984)
(1299, 1371, 50857)
(1299, 1297, 38770)
(1299, 1301, 13825)
(1300, 1298, 34760)
(1300, 1302, 13328)
(1300, 1372, 47596)
(1301, 1304, 12055)
(1301, 1299, 13825)
(1302, 1300, 13328)
(1302, 1303, 11770)
(1303, 1302, 11770)
(1303, 1358, 10296)
(1304, 1357, 10379)
(1304, 1301, 12055)
(1319, 1320, 15135)
(1319, 1473, 17043)
(1320, 1323, 13273)
(1320, 1319, 15135)
(1321, 1472, 19183)
(1321, 1322, 17097)
(1322, 1321, 17097)
(1322, 1324, 15195)
(1323, 1326, 11461)
(1323, 1320, 13273)
(1324, 1322, 15195)
(1324, 1325, 13307)
(1325, 1324, 13307)
(1325, 1327, 11493)
(1326, 1328, 9695)
(1326, 1323, 11461)
(1327, 1325, 11493)
(1327, 1597, 9725)
(1328, 1596, 8019)
(1328, 1326, 9695)
(1335, 1336, 21640)
(1335, 1466, 20022)
(1336, 1340, 23534)
(1336, 1335, 21640)
(1337, 1468, 11698)
(1337, 1338, 13184)
(1338, 1337, 13184)
(1338, 1339, 14922)
(1339, 1370, 153335)
(1339, 1173, 151365)
(1339, 1338, 14922)
(1340, 1172, 168357)
(1340, 1369, 178007)
(1340, 1336, 23534)
(1341, 1371, 151254)
(1341, 1417, 151770)
(1342, 1418, 59708)
(1342, 1372, 59194)
(1343, 1018, 15791)
(1343, 1345, 14231)
(1344, 1346, 14834)
(1344, 1060, 16408)
(1345, 1343, 14231)
(1345, 1347, 12763)
(1346, 1348, 13356)
(1346, 1344, 14834)
(1347, 1345, 12763)
(1347, 1350, 11303)
(1348, 1349, 11880)
(1348, 1346, 13356)
(1349, 1351, 10420)
(1349, 1348, 11880)
(1350, 1347, 11303)
(1350, 1352, 9853)
(1351, 1354, 9008)
(1351, 1349, 10420)
(1352, 1350, 9853)
(1352, 1353, 8435)
(1353, 1352, 8435)
(1353, 1355, 7029)
(1354, 1356, 7606)
(1354, 1351, 9008)
(1355, 1353, 7029)
(1355, 1791, 7889)
(1356, 1792, 7744)
(1356, 1354, 7606)
(1357, 1791, 8829)
(1357, 1304, 10379)
(1358, 1303, 10296)
(1358, 1792, 8954)
(1359, 1362, 4724)
(1359, 1905, 6118)
(1360, 1906, 6063)
(1360, 1361, 4719)
(1361, 1360, 4719)
(1361, 1364, 3409)
(1362, 1363, 3402)
(1362, 1359, 4724)
(1363, 1366, 2200)
(1363, 1362, 3402)
(1364, 1361, 3409)
(1364, 1365, 2247)
(1365, 1364, 2247)
(1365, 1368, 155573)
(1365, 1478, 176429)
(1365, 1477, 23635)
(1366, 1367, 180351)
(1366, 1363, 2200)
(1366, 1476, 25901)
(1366, 1479, 203798)
(1367, 1369, 179137)
(1367, 1366, 180351)
(1368, 1365, 155573)
(1368, 1370, 154403)
(1369, 1340, 178007)
(1369, 1367, 179137)
(1370, 1368, 154403)
(1370, 1339, 153335)
(1371, 1374, 169969)
(1371, 1341, 151254)
(1371, 1299, 50857)
(1372, 1342, 59194)
(1372, 1373, 72170)
(1372, 1300, 47596)
(1373, 1372, 72170)
(1373, 1741, 44473)
(1373, 1062, 27107)
(1374, 1740, 77240)
(1374, 1371, 169969)
(1374, 1061, 93973)
(1375, 1803, 2432)
(1375, 2718, 21947)
(1375, 1804, 13112)
(1375, 9, 3215)
(1375, 49, 2432)
(1375, 1807, 2432)
(1376, 2183, 25546)
(1376, 2592, 89016)
(1376, 2203, 42415)
(1376, 2185, 19085)
(1377, 1485, 209242)
(1377, 2652, 210640)
(1378, 2653, 183209)
(1378, 1484, 181803)
(1400, 1597, 8113)
(1400, 1403, 6655)
(1401, 1402, 5339)
(1401, 1596, 6613)
(1402, 1404, 4475)
(1402, 1401, 5339)
(1403, 1400, 6655)
(1403, 1405, 5565)
(1404, 1407, 5327)
(1404, 1402, 4475)
(1405, 1403, 5565)
(1405, 1406, 4675)
(1406, 1405, 4675)
(1406, 1062, 5047)
(1407, 1061, 7187)
(1407, 1404, 5327)
(1408, 3, 27325)
(1408, 13, 2432)
(1408, 2713, 28897)
(1408, 1414, 13900)
(1409, 1411, 11974)
(1409, 1414, 12090)
(1410, 1413, 10304)
(1410, 1412, 11264)
(1411, 1416, 12480)
(1411, 1409, 11974)
(1412, 1410, 11264)
(1412, 1415, 12534)
(1413, 1810, 9532)
(1413, 1410, 10304)
(1414, 1409, 12090)
(1414, 1408, 13900)
(1415, 1412, 12534)
(1415, 1298, 14282)
(1416, 1297, 13724)
(1416, 1411, 12480)
(1417, 1341, 151770)
(1417, 2248, 152304)
(1418, 2247, 60244)
(1418, 1342, 59708)
(1435, 1437, 12904)
(1435, 1839, 15124)
(1436, 1838, 15507)
(1436, 1438, 13277)
(1437, 1439, 10754)
(1437, 1435, 12904)
(1438, 1436, 13277)
(1438, 1440, 11117)
(1439, 1651, 8682)
(1439, 1437, 10754)
(1440, 1438, 11117)
(1440, 1642, 9031)
(1441, 1642, 7005)
(1441, 1443, 5045)
(1442, 1444, 4686)
(1442, 1651, 6654)
(1443, 1441, 5045)
(1443, 1671, 3221)
(1444, 1672, 3152)
(1444, 1442, 4686)
(1445, 1447, 6058)
(1445, 1062, 6640)
(1446, 1061, 6280)
(1446, 1448, 5778)
(1447, 1669, 4995)
(1447, 1445, 6058)
(1447, 1450, 7453)
(1448, 1446, 5778)
(1448, 1449, 8130)
(1448, 1670, 5724)
(1449, 1448, 8130)
(1449, 1451, 9656)
(1450, 1452, 8987)
(1450, 1447, 7453)
(1451, 1449, 9656)
(1451, 1456, 11258)
(1452, 1453, 10541)
(1452, 1450, 8987)
(1453, 1454, 12141)
(1453, 1452, 10541)
(1454, 1458, 13823)
(1454, 1453, 12141)
(1456, 1451, 11258)
(1456, 1457, 12920)
(1457, 1456, 12920)
(1457, 1459, 14624)
(1458, 1460, 15601)
(1458, 1454, 13823)
(1459, 1457, 14624)
(1459, 1461, 16368)
(1460, 1462, 17459)
(1460, 1458, 15601)
(1461, 1459, 16368)
(1461, 1463, 18240)
(1462, 1178, 19461)
(1462, 1460, 17459)
(1463, 1461, 18240)
(1463, 1179, 20190)
(1464, 1181, 17458)
(1464, 1466, 18748)
(1465, 1468, 10106)
(1465, 1180, 10780)
(1466, 1335, 20022)
(1466, 1467, 5322)
(1466, 1464, 18748)
(1467, 1466, 5322)
(1467, 1470, 6428)
(1468, 1469, 5448)
(1468, 1465, 10106)
(1468, 1337, 11698)
(1469, 1471, 6242)
(1469, 1468, 5448)
(1470, 1467, 6428)
(1470, 1474, 22139)
(1470, 1472, 21595)
(1471, 1473, 19455)
(1471, 1469, 6242)
(1471, 1475, 19731)
(1472, 1470, 21595)
(1472, 1321, 19183)
(1473, 1319, 17043)
(1473, 1471, 19455)
(1474, 1470, 22139)
(1474, 1476, 23819)
(1475, 1477, 21503)
(1475, 1471, 19731)
(1476, 1474, 23819)
(1476, 1366, 25901)
(1477, 1365, 23635)
(1477, 1475, 21503)
(1478, 1480, 177735)
(1478, 1365, 176429)
(1479, 1366, 203798)
(1479, 1481, 205124)
(1480, 1482, 179049)
(1480, 1478, 177735)
(1481, 1479, 205124)
(1481, 1483, 206448)
(1482, 1484, 180395)
(1482, 1480, 179049)
(1483, 1481, 206448)
(1483, 1485, 207844)
(1484, 1378, 181803)
(1484, 1482, 180395)
(1485, 1483, 207844)
(1485, 1377, 209242)
(1486, 1841, 73438)
(1486, 1488, 29181)
(1486, 1015, 49017)
(1487, 1489, 26898)
(1487, 1016, 17212)
(1487, 1740, 9454)
(1488, 1486, 29181)
(1488, 1490, 27263)
(1489, 1491, 28484)
(1489, 1487, 26898)
(1490, 1488, 27263)
(1490, 1492, 27257)
(1491, 1493, 30222)
(1491, 1489, 28484)
(1492, 1490, 27257)
(1492, 1559, 14307)
(1492, 1494, 24604)
(1493, 1495, 16097)
(1493, 1491, 30222)
(1493, 1556, 17377)
(1494, 1556, 38550)
(1494, 1555, 42993)
(1494, 1492, 24604)
(1494, 1496, 5205)
(1495, 1497, 4442)
(1495, 1493, 16097)
(1495, 1554, 27267)
(1495, 1559, 21620)
(1496, 1494, 5205)
(1496, 1498, 5617)
(1497, 1499, 4866)
(1497, 1495, 4442)
(1498, 1496, 5617)
(1498, 1501, 6053)
(1499, 1500, 5356)
(1499, 1497, 4866)
(1500, 1538, 5918)
(1500, 1499, 5356)
(1501, 1498, 6053)
(1501, 1537, 6553)
(1504, 1506, 5514)
(1504, 1536, 3890)
(1505, 1535, 6225)
(1505, 1507, 7909)
(1506, 1509, 7534)
(1506, 1504, 5514)
(1507, 1505, 7909)
(1507, 1508, 9873)
(1508, 1507, 9873)
(1508, 1836, 12057)
(1509, 1837, 9854)
(1509, 1506, 7534)
(1510, 1513, 15957)
(1510, 1836, 18189)
(1511, 1837, 15786)
(1511, 1512, 13558)
(1512, 1511, 13558)
(1512, 1615, 11462)
(1513, 6190, 13879)
(1513, 1510, 15957)
(1529, 1839, 8525)
(1529, 1531, 6523)
(1530, 1532, 6666)
(1530, 1838, 8812)
(1531, 1529, 6523)
(1531, 1533, 4641)
(1532, 1534, 4576)
(1532, 1530, 6666)
(1533, 1531, 4641)
(1533, 1535, 4693)
(1534, 1536, 2672)
(1534, 1532, 4576)
(1535, 1533, 4693)
(1535, 1505, 6225)
(1536, 1504, 3890)
(1536, 1534, 2672)
(1537, 1501, 6553)
(1537, 1539, 7365)
(1538, 1540, 6750)
(1538, 1500, 5918)
(1539, 1537, 7365)
(1539, 1143, 8877)
(1540, 1144, 8258)
(1540, 1538, 6750)
(1542, 1544, 49049)
(1542, 1147, 50673)
(1543, 1545, 33683)
(1543, 1546, 32061)
(1544, 1547, 47555)
(1544, 1542, 49049)
(1545, 1148, 35605)
(1545, 1543, 33683)
(1546, 1543, 32061)
(1546, 1549, 30547)
(1547, 1548, 46129)
(1547, 1544, 47555)
(1548, 1550, 45007)
(1548, 1547, 46129)
(1549, 1546, 30547)
(1549, 1551, 29071)
(1550, 1552, 44149)
(1550, 1548, 45007)
(1551, 1549, 29071)
(1551, 1553, 28257)
(1552, 1555, 43417)
(1552, 1550, 44149)
(1553, 1551, 28257)
(1553, 1554, 27703)
(1554, 1553, 27703)
(1554, 1495, 27267)
(1555, 1494, 42993)
(1555, 1552, 43417)
(1556, 1557, 24367)
(1556, 1493, 17377)
(1556, 1494, 38550)
(1557, 1122, 12474)
(1557, 1556, 24367)
(1557, 1119, 15871)
(1558, 1559, 27457)
(1558, 1120, 19951)
(1558, 1121, 12212)
(1559, 1495, 21620)
(1559, 1558, 27457)
(1559, 1492, 14307)
(1560, 1562, 14576)
(1560, 1139, 12804)
(1561, 1140, 14072)
(1561, 1563, 15662)
(1562, 1565, 16586)
(1562, 1560, 14576)
(1563, 1561, 15662)
(1563, 1564, 17328)
(1564, 1563, 17328)
(1564, 1567, 19456)
(1565, 1566, 18986)
(1565, 1562, 16586)
(1566, 1569, 21392)
(1566, 1565, 18986)
(1567, 1564, 19456)
(1567, 1568, 21654)
(1568, 1567, 21654)
(1568, 1147, 24058)
(1569, 1148, 23798)
(1569, 1566, 21392)
(1576, 1076, 12428)
(1576, 1667, 10088)
(1577, 1668, 10539)
(1577, 1075, 12907)
(1596, 1401, 6613)
(1596, 1328, 8019)
(1597, 1327, 9725)
(1597, 1400, 8113)
(1599, 1630, 25886)
(1599, 1180, 27708)
(1600, 1181, 18047)
(1600, 1631, 16249)
(1606, 1090, 12009)
(1606, 1095, 9637)
(1608, 3360, 1980)
(1608, 2678, 452)
(1609, 3321, 2432)
(1615, 1512, 11462)
(1615, 1699, 11008)
(1630, 1061, 24120)
(1630, 1599, 25886)
(1631, 1600, 16249)
(1631, 1062, 14493)
(1637, 2147, 14097)
(1637, 2137, 5865)
(1637, 2149, 10514)
(1638, 1675, 8913)
(1638, 1227, 11291)
(1639, 1203, 11417)
(1639, 1676, 9035)
(1641, 2698, 2432)
(1642, 1440, 9031)
(1642, 1441, 7005)
(1649, 1034, 30028)
(1649, 1096, 32396)
(1650, 1095, 7269)
(1650, 1033, 4903)
(1651, 1442, 6654)
(1651, 1439, 8682)
(1660, 1053, 8569)
(1660, 1661, 10221)
(1661, 1660, 10221)
(1661, 1815, 11941)
(1666, 1190, 19391)
(1666, 1235, 17099)
(1667, 1576, 10088)
(1667, 1027, 7758)
(1668, 1028, 8175)
(1668, 1577, 10539)
(1669, 1671, 3107)
(1669, 1447, 4995)
(1670, 1448, 5724)
(1670, 1672, 3844)
(1671, 1443, 3221)
(1671, 1669, 3107)
(1672, 1670, 3844)
(1672, 1444, 3152)
(1675, 1677, 6539)
(1675, 1638, 8913)
(1676, 1639, 9035)
(1676, 1678, 6655)
(1677, 1679, 4171)
(1677, 1675, 6539)
(1678, 1676, 6655)
(1678, 1680, 4285)
(1679, 1681, 1805)
(1679, 1677, 4171)
(1680, 1678, 4285)
(1680, 1682, 1917)
(1681, 1683, 1797)
(1681, 1679, 1805)
(1682, 1680, 1917)
(1682, 1684, 1477)
(1683, 1685, 4115)
(1683, 1681, 1797)
(1684, 1682, 1477)
(1684, 1686, 3789)
(1685, 6005, 6435)
(1685, 1683, 4115)
(1686, 1684, 3789)
(1686, 2695, 6111)
(1687, 1689, 20443)
(1687, 6014, 18095)
(1688, 6013, 13149)
(1688, 1690, 15507)
(1689, 1691, 22795)
(1689, 1687, 20443)
(1690, 1688, 15507)
(1690, 1692, 17871)
(1691, 1211, 25149)
(1691, 1689, 22795)
(1692, 1690, 17871)
(1692, 1221, 20241)
(1696, 1697, 8738)
(1696, 1052, 7180)
(1697, 1816, 10428)
(1697, 1696, 8738)
(1698, 1152, 12803)
(1698, 6190, 12003)
(1699, 1615, 11008)
(1699, 1151, 11626)
(1708, 3052, 2432)
(1721, 3356, 2432)
(1723, 4529, 2432)
(1729, 6145, 2792)
(1729, 6204, 3342)
(1736, 4144, 180537)
(1736, 1738, 181731)
(1737, 1739, 248854)
(1737, 4143, 3383)
(1737, 4937, 244457)
(1738, 1736, 181731)
(1738, 4008, 161343)
(1738, 4009, 22142)
(1739, 4007, 224089)
(1739, 1737, 248854)
(1739, 4010, 26299)
(1740, 1183, 39247)
(1740, 1374, 77240)
(1740, 2697, 43913)
(1740, 1487, 9454)
(1740, 1062, 20594)
(1741, 1373, 44473)
(1741, 2696, 47628)
(1741, 1182, 30515)
(1741, 1061, 49075)
(1741, 1841, 12283)
(1742, 4073, 42639)
(1742, 4171, 94282)
(1742, 4265, 62703)
(1742, 3417, 1636)
(1743, 2581, 13419)
(1743, 3377, 13579)
(1749, 1045, 19664)
(1749, 1007, 21736)
(1766, 1768, 18900)
(1766, 2387, 21294)
(1768, 2941, 16506)
(1768, 1766, 18900)
(1770, 2919, 21306)
(1770, 1771, 18910)
(1771, 1770, 18910)
(1771, 1772, 16512)
(1772, 1771, 16512)
(1772, 2613, 14116)
(1776, 3459, 39941)
(1776, 3407, 38045)
(1777, 2245, 145026)
(1777, 8889, 145908)
(1778, 8888, 58320)
(1778, 2246, 57660)
(1790, 6030, 113510)
(1790, 1801, 45496)
(1790, 4808, 102138)
(1791, 1355, 7889)
(1791, 1357, 8829)
(1792, 1358, 8954)
(1792, 1356, 7744)
(1801, 1790, 45496)
(1801, 5086, 46478)
(1802, 2812, 23178)
(1802, 2248, 180268)
(1802, 2821, 159594)
(1803, 1375, 2432)
(1804, 1375, 13112)
(1804, 1810, 11198)
(1807, 1375, 2432)
(1808, 2, 2432)
(1809, 2247, 88820)
(1809, 2822, 18710)
(1809, 2820, 73010)
(1810, 1804, 11198)
(1810, 1413, 9532)
(1811, 1038, 2631)
(1811, 1116, 9159)
(1811, 1115, 9708)
(1811, 1037, 22972)
(1812, 1218, 2432)
(1815, 1661, 11941)
(1815, 1047, 13697)
(1816, 1046, 12170)
(1816, 1697, 10428)
(1821, 3401, 5047)
(1821, 3409, 6)
(1821, 3418, 4601)
(1821, 3420, 6)
(1821, 3486, 8892)
(1821, 3410, 2436)
(1825, 4664, 104)
(1825, 5111, 2432)
(1825, 2262, 4754)
(1836, 1838, 88089)
(1836, 1172, 116963)
(1836, 1508, 12057)
(1836, 1510, 18189)
(1837, 1173, 136636)
(1837, 1839, 114674)
(1837, 1509, 9854)
(1837, 1511, 15786)
(1838, 1530, 8812)
(1838, 1436, 15507)
(1838, 1840, 69850)
(1838, 1836, 88089)
(1839, 1837, 114674)
(1839, 1841, 102395)
(1839, 1435, 15124)
(1839, 1529, 8525)
(1840, 1091, 67411)
(1840, 1838, 69850)
(1840, 1147, 1073)
(1841, 1839, 102395)
(1841, 1017, 41792)
(1841, 1148, 10152)
(1841, 1741, 12283)
(1841, 1486, 73438)
(1903, 1196, 6095)
(1903, 1904, 12844)
(1903, 1193, 20225)
(1904, 1903, 12844)
(1904, 1233, 10494)
(1905, 1359, 6118)
(1905, 2652, 7516)
(1906, 2653, 7469)
(1906, 1360, 6063)
(1907, 2027, 11781)
(1907, 2028, 14189)
(1908, 2, 4862)
(1908, 2652, 7290)
(1909, 2653, 30239)
(1909, 3, 28415)
(2002, 2709, 205346)
(2002, 2032, 320649)
(2002, 2710, 31477)
(2002, 2814, 90857)
(2002, 2072, 55442)
(2002, 2815, 2432)
(2002, 2679, 87339)
(2002, 2716, 2432)
(2002, 2804, 2432)
(2003, 2032, 18385)
(2003, 2004, 16073)
(2004, 2003, 16073)
(2004, 2005, 13785)
(2005, 2004, 13785)
(2005, 2006, 11529)
(2006, 2005, 11529)
(2006, 2007, 9291)
(2007, 2006, 9291)
(2007, 2008, 7107)
(2008, 2007, 7107)
(2008, 2009, 5327)
(2009, 2008, 5327)
(2009, 2010, 5815)
(2010, 2009, 5815)
(2010, 2011, 6367)
(2011, 2010, 6367)
(2011, 2012, 6971)
(2012, 2011, 6971)
(2012, 2013, 8097)
(2013, 2012, 8097)
(2013, 2014, 9481)
(2014, 2013, 9481)
(2014, 2015, 11285)
(2015, 2014, 11285)
(2015, 3025, 13205)
(2016, 3019, 17271)
(2016, 2017, 14865)
(2017, 2016, 14865)
(2017, 2018, 12459)
(2018, 2017, 12459)
(2018, 2019, 10053)
(2019, 2018, 10053)
(2019, 2020, 9475)
(2020, 2019, 9475)
(2020, 2021, 8917)
(2021, 2020, 8917)
(2021, 2022, 8383)
(2022, 2021, 8383)
(2022, 2023, 7869)
(2023, 2022, 7869)
(2023, 2024, 7369)
(2024, 2023, 7369)
(2024, 2025, 6881)
(2025, 2024, 6881)
(2025, 2026, 7317)
(2026, 2025, 7317)
(2026, 2027, 9373)
(2027, 2026, 9373)
(2027, 1907, 11781)
(2028, 1907, 14189)
(2028, 2029, 16595)
(2029, 2028, 16595)
(2029, 2030, 19001)
(2030, 2029, 19001)
(2030, 2031, 21407)
(2031, 2030, 21407)
(2031, 2916, 138589)
(2031, 2033, 328743)
(2031, 2705, 202598)
(2031, 2706, 1969)
(2031, 2071, 49748)
(2032, 2002, 320649)
(2032, 2248, 268681)
(2032, 2003, 18385)
(2032, 2593, 49745)
(2033, 5128, 44048)
(2033, 2031, 328743)
(2033, 2247, 192394)
(2033, 2218, 92753)
(2034, 2036, 7775)
(2034, 2675, 5467)
(2035, 2674, 3633)
(2035, 2037, 5977)
(2036, 2655, 10129)
(2036, 2034, 7775)
(2037, 2035, 5977)
(2037, 2039, 8379)
(2038, 2421, 14455)
(2038, 2173, 12977)
(2039, 2037, 8379)
(2039, 2041, 10781)
(2040, 2045, 30217)
(2040, 2655, 12531)
(2040, 2043, 3861)
(2040, 2477, 16483)
(2041, 2654, 17544)
(2041, 2042, 30159)
(2041, 2039, 10781)
(2042, 2041, 30159)
(2042, 2045, 32517)
(2043, 2044, 4885)
(2043, 2040, 3861)
(2044, 2290, 6263)
(2044, 2043, 4885)
(2045, 2042, 32517)
(2045, 2479, 62622)
(2045, 2040, 30217)
(2050, 2057, 11485)
(2050, 2053, 9189)
(2052, 2415, 20040)
(2052, 2249, 21732)
(2053, 2050, 9189)
(2053, 2073, 6903)
(2054, 2077, 5301)
(2054, 2398, 7517)
(2055, 2060, 16113)
(2055, 2057, 13793)
(2056, 2058, 12101)
(2056, 2059, 14407)
(2057, 2055, 13793)
(2057, 2050, 11485)
(2058, 2398, 9803)
(2058, 2056, 12101)
(2059, 2056, 14407)
(2059, 2062, 16723)
(2060, 2061, 18439)
(2060, 2055, 16113)
(2061, 2064, 20777)
(2061, 2060, 18439)
(2062, 2059, 16723)
(2062, 2063, 19047)
(2063, 2062, 19047)
(2063, 2066, 21381)
(2064, 2065, 23125)
(2064, 2061, 20777)
(2065, 2067, 25507)
(2065, 2064, 23125)
(2066, 2063, 21381)
(2066, 2068, 23759)
(2067, 2070, 27891)
(2067, 2065, 25507)
(2068, 2066, 23759)
(2068, 2069, 26141)
(2069, 2500, 25555)
(2069, 2071, 47820)
(2069, 2068, 26141)
(2070, 2072, 30293)
(2070, 2067, 27891)
(2071, 2069, 47820)
(2071, 2031, 49748)
(2072, 2002, 55442)
(2072, 2070, 30293)
(2072, 2499, 24343)
(2073, 2053, 6903)
(2073, 2076, 5611)
(2074, 2076, 4491)
(2074, 2674, 3819)
(2075, 2520, 2383)
(2075, 2077, 3765)
(2076, 2073, 5611)
(2076, 2074, 4491)
(2077, 2075, 3765)
(2077, 2054, 5301)
(2090, 2172, 12442)
(2090, 2419, 13932)
(2091, 2908, 2432)
(2091, 2378, 53344)
(2091, 2712, 31858)
(2091, 2814, 79224)
(2092, 2093, 48469)
(2092, 2916, 50605)
(2093, 2094, 46913)
(2093, 2092, 48469)
(2094, 2095, 45557)
(2094, 2093, 46913)
(2095, 2604, 31224)
(2095, 2094, 45557)
(2095, 1174, 16918)
(2095, 2453, 31777)
(2096, 2382, 33108)
(2096, 2098, 30732)
(2097, 2099, 27031)
(2097, 2453, 29403)
(2098, 2096, 30732)
(2098, 2100, 28358)
(2099, 2102, 24659)
(2099, 2097, 27031)
(2100, 2098, 28358)
(2100, 2101, 25984)
(2101, 2100, 25984)
(2101, 2104, 23654)
(2102, 2103, 22333)
(2102, 2099, 24659)
(2103, 2105, 20011)
(2103, 2102, 22333)
(2104, 2101, 23654)
(2104, 2106, 21330)
(2105, 2107, 17695)
(2105, 2103, 20011)
(2106, 2104, 21330)
(2106, 2108, 19008)
(2107, 2110, 15389)
(2107, 2105, 17695)
(2108, 2106, 19008)
(2108, 2109, 16696)
(2109, 2108, 16696)
(2109, 2111, 14386)
(2110, 2454, 13087)
(2110, 2107, 15389)
(2111, 2109, 14386)
(2111, 2457, 12088)
(2112, 2395, 20983)
(2112, 2205, 43733)
(2112, 2394, 19350)
(2112, 2198, 1950)
(2113, 2199, 1974)
(2113, 2513, 16737)
(2113, 2206, 42036)
(2113, 2396, 21873)
(2114, 2212, 18873)
(2114, 2116, 18059)
(2115, 2117, 15125)
(2115, 2213, 15981)
(2116, 2114, 18059)
(2116, 2504, 19853)
(2117, 2505, 16639)
(2117, 2115, 15125)
(2118, 2514, 11961)
(2118, 2121, 9577)
(2119, 2120, 12188)
(2119, 2506, 14574)
(2120, 2123, 9804)
(2120, 2119, 12188)
(2121, 2118, 9577)
(2121, 2122, 7193)
(2122, 2121, 7193)
(2122, 2125, 4809)
(2123, 2124, 7418)
(2123, 2120, 9804)
(2124, 2508, 5036)
(2124, 2123, 7418)
(2125, 2122, 4809)
(2125, 2507, 2427)
(2128, 2134, 2807)
(2128, 2130, 4579)
(2129, 2131, 5609)
(2129, 2133, 4047)
(2130, 2128, 4579)
(2130, 2409, 6633)
(2131, 2132, 7523)
(2131, 2129, 5609)
(2132, 2677, 9915)
(2132, 2131, 7523)
(2133, 2129, 4047)
(2133, 2136, 3143)
(2134, 2135, 2801)
(2134, 2128, 2807)
(2135, 2137, 3531)
(2135, 2134, 2801)
(2136, 2133, 3143)
(2136, 2138, 2667)
(2137, 1637, 5865)
(2137, 2135, 3531)
(2138, 2136, 2667)
(2138, 2139, 4997)
(2139, 2140, 11431)
(2139, 2148, 8972)
(2139, 2138, 4997)
(2140, 2139, 11431)
(2140, 2141, 12993)
(2141, 2140, 12993)
(2141, 2143, 14615)
(2142, 2510, 18945)
(2142, 2410, 17157)
(2143, 2141, 14615)
(2143, 2509, 16505)
(2144, 2509, 18889)
(2144, 2205, 21281)
(2145, 2206, 23721)
(2145, 2510, 21329)
(2147, 2410, 15569)
(2147, 1637, 14097)
(2148, 2139, 8972)
(2148, 2150, 7510)
(2149, 2151, 9050)
(2149, 1637, 10514)
(2150, 2148, 7510)
(2150, 2152, 6144)
(2151, 2153, 7708)
(2151, 2149, 9050)
(2152, 2150, 6144)
(2152, 2154, 5138)
(2153, 2155, 6396)
(2153, 2151, 7708)
(2154, 2152, 5138)
(2154, 2156, 7504)
(2155, 2157, 5954)
(2155, 2153, 6396)
(2156, 2154, 7504)
(2156, 2158, 9894)
(2157, 2159, 8344)
(2157, 2155, 5954)
(2158, 2156, 9894)
(2158, 2161, 12284)
(2159, 2160, 10734)
(2159, 2157, 8344)
(2160, 2162, 13126)
(2160, 2159, 10734)
(2161, 2158, 12284)
(2161, 2163, 14676)
(2162, 2164, 15518)
(2162, 2160, 13126)
(2163, 2161, 14676)
(2163, 2165, 17068)
(2164, 1264, 17910)
(2164, 2162, 15518)
(2165, 2163, 17068)
(2165, 1269, 19460)
(2166, 2494, 6940)
(2166, 2168, 8230)
(2167, 2169, 8943)
(2167, 2495, 7777)
(2168, 2166, 8230)
(2168, 2171, 9580)
(2169, 2170, 10197)
(2169, 2167, 8943)
(2170, 2173, 11529)
(2170, 2169, 10197)
(2171, 2168, 9580)
(2171, 2172, 10972)
(2172, 2171, 10972)
(2172, 2090, 12442)
(2173, 2038, 12977)
(2173, 2170, 11529)
(2182, 2679, 25781)
(2182, 2251, 23833)
(2183, 2249, 23578)
(2183, 1376, 25546)
(2184, 2679, 19419)
(2184, 2186, 17889)
(2185, 2187, 17417)
(2185, 1376, 19085)
(2186, 2184, 17889)
(2186, 2188, 16379)
(2187, 2189, 17575)
(2187, 2185, 17417)
(2188, 2186, 16379)
(2188, 2202, 15161)
(2189, 2591, 18613)
(2189, 2187, 17575)
(2190, 2193, 7808)
(2190, 2690, 10190)
(2191, 2201, 10166)
(2191, 2192, 7782)
(2192, 2191, 7782)
(2192, 2194, 5398)
(2193, 2195, 5440)
(2193, 2190, 7808)
(2194, 2192, 5398)
(2194, 2197, 3040)
(2195, 2196, 3472)
(2195, 2193, 5440)
(2196, 2198, 1882)
(2196, 2195, 3472)
(2197, 2194, 3040)
(2197, 2199, 1400)
(2198, 2112, 1950)
(2198, 2196, 1882)
(2199, 2197, 1400)
(2199, 2113, 1974)
(2200, 2820, 76784)
(2200, 2201, 18542)
(2200, 2589, 76716)
(2201, 2200, 18542)
(2201, 2202, 17300)
(2201, 2191, 10166)
(2202, 2201, 17300)
(2202, 2204, 5555)
(2202, 2188, 15161)
(2203, 2205, 63987)
(2203, 1248, 13202)
(2203, 1376, 42415)
(2203, 2591, 33204)
(2204, 2202, 5555)
(2204, 2206, 33715)
(2204, 1249, 11301)
(2204, 2679, 40395)
(2205, 2589, 76032)
(2205, 2203, 63987)
(2205, 2521, 69189)
(2205, 2112, 43733)
(2205, 2144, 21281)
(2205, 2438, 13906)
(2206, 2204, 33715)
(2206, 2145, 23721)
(2206, 2437, 15157)
(2206, 2113, 42036)
(2206, 1246, 128238)
(2206, 2646, 91289)
(2207, 2397, 17089)
(2207, 2210, 14695)
(2208, 2209, 13805)
(2208, 2408, 16199)
(2209, 2676, 11415)
(2209, 2208, 13805)
(2210, 2207, 14695)
(2210, 2677, 12305)
(2212, 2820, 20031)
(2212, 2114, 18873)
(2213, 2115, 15981)
(2213, 2821, 17013)
(2214, 2220, 69170)
(2214, 2556, 69698)
(2216, 2556, 70230)
(2216, 2217, 79345)
(2216, 2926, 22231)
(2217, 2216, 79345)
(2217, 2587, 144552)
(2217, 2218, 93455)
(2218, 2217, 93455)
(2218, 2033, 92753)
(2219, 2313, 48813)
(2219, 2288, 48021)
(2220, 2221, 68654)
(2220, 2214, 69170)
(2221, 2643, 68200)
(2221, 2220, 68654)
(2222, 2224, 33495)
(2222, 2643, 35879)
(2223, 2642, 34152)
(2223, 2225, 31766)
(2224, 2227, 31111)
(2224, 2222, 33495)
(2225, 2223, 31766)
(2225, 2226, 29378)
(2226, 2225, 29378)
(2226, 2228, 26990)
(2227, 2230, 28727)
(2227, 2224, 31111)
(2228, 2226, 26990)
(2228, 2229, 24602)
(2229, 2228, 24602)
(2229, 2451, 22214)
(2230, 2231, 26341)
(2230, 2227, 28727)
(2231, 2452, 23953)
(2231, 2230, 26341)
(2232, 2596, 48307)
(2232, 2373, 50555)
(2233, 2374, 75687)
(2233, 2234, 74755)
(2234, 2233, 74755)
(2234, 3360, 74851)
(2235, 3321, 169385)
(2235, 2373, 170671)
(2240, 2251, 22037)
(2240, 2416, 20463)
(2245, 2587, 144754)
(2245, 1777, 145026)
(2246, 1778, 57660)
(2246, 2586, 57446)
(2247, 8888, 342152)
(2247, 2033, 192394)
(2247, 1809, 88820)
(2247, 1418, 60244)
(2248, 1802, 180268)
(2248, 8889, 601959)
(2248, 1417, 152304)
(2248, 2032, 268681)
(2249, 2052, 21732)
(2249, 2183, 23578)
(2251, 2182, 23833)
(2251, 2240, 22037)
(2254, 3263, 45070)
(2254, 2257, 45764)
(2255, 2256, 23013)
(2255, 3262, 22075)
(2256, 2259, 24075)
(2256, 2255, 23013)
(2257, 2254, 45764)
(2257, 2258, 46772)
(2258, 2376, 214172)
(2258, 3028, 27532)
(2258, 3261, 190882)
(2258, 2257, 46772)
(2259, 3012, 21324)
(2259, 2256, 24075)
(2259, 3260, 98875)
(2259, 2375, 111400)
(2261, 2263, 8990)
(2261, 3474, 11404)
(2262, 4665, 7996)
(2262, 4664, 830)
(2262, 1825, 4754)
(2263, 5103, 4486)
(2263, 2261, 8990)
(2263, 4664, 2092)
(2264, 2303, 23664)
(2264, 2488, 26052)
(2265, 2487, 21937)
(2265, 2302, 19591)
(2266, 2269, 12636)
(2266, 2530, 12294)
(2267, 2531, 10861)
(2267, 2268, 11213)
(2268, 2267, 11213)
(2268, 2271, 11645)
(2269, 2270, 13010)
(2269, 2266, 12636)
(2270, 2272, 13400)
(2270, 2269, 13010)
(2271, 2268, 11645)
(2271, 2540, 12109)
(2272, 2273, 13874)
(2272, 2270, 13400)
(2273, 2275, 14394)
(2273, 2272, 13874)
(2274, 2540, 12627)
(2274, 2276, 13167)
(2275, 2291, 14950)
(2275, 2273, 14394)
(2276, 2274, 13167)
(2276, 2277, 13743)
(2277, 2276, 13743)
(2277, 2278, 14329)
(2278, 2277, 14329)
(2278, 2731, 14977)
(2279, 2730, 16110)
(2279, 2291, 15522)
(2280, 2282, 25311)
(2280, 2304, 24853)
(2281, 2305, 46925)
(2281, 2283, 47397)
(2282, 2284, 25791)
(2282, 2280, 25311)
(2283, 2281, 47397)
(2283, 2285, 47891)
(2284, 2286, 26283)
(2284, 2282, 25791)
(2285, 2283, 47891)
(2285, 2287, 48391)
(2286, 2642, 26777)
(2286, 2284, 26283)
(2287, 2285, 48391)
(2287, 2643, 48895)
(2288, 2219, 48021)
(2288, 2642, 47403)
(2289, 2418, 17437)
(2289, 2421, 15939)
(2290, 2293, 8055)
(2290, 2044, 6263)
(2291, 2279, 15522)
(2291, 2275, 14950)
(2292, 2419, 15432)
(2292, 2417, 16940)
(2293, 2294, 10345)
(2293, 2290, 8055)
(2294, 2296, 12637)
(2294, 2293, 10345)
(2295, 2480, 67196)
(2295, 2297, 69492)
(2296, 2482, 14943)
(2296, 2294, 12637)
(2297, 2295, 69492)
(2297, 2481, 71798)
(2298, 2299, 4014)
(2298, 2493, 3350)
(2299, 2670, 5494)
(2299, 2298, 4014)
(2300, 2672, 76436)
(2300, 2592, 78760)
(2301, 2814, 21909)
(2301, 2671, 19579)
(2302, 2265, 19591)
(2302, 2537, 17269)
(2303, 2539, 21278)
(2303, 2264, 23664)
(2304, 2280, 24853)
(2304, 3017, 24443)
(2305, 3022, 46503)
(2305, 2281, 46925)
(2306, 2731, 15697)
(2306, 2307, 17531)
(2307, 2306, 17531)
(2307, 2308, 19463)
(2308, 2307, 19463)
(2308, 2452, 21565)
(2313, 2595, 49835)
(2313, 2219, 48813)
(2328, 2372, 42221)
(2328, 2331, 44105)
(2329, 2330, 39323)
(2329, 2371, 37987)
(2330, 2598, 40919)
(2330, 2329, 39323)
(2331, 2328, 44105)
(2331, 2596, 46145)
(2332, 2617, 28969)
(2332, 2335, 29527)
(2333, 2334, 29660)
(2333, 2604, 29108)
(2334, 2339, 30272)
(2334, 2333, 29660)
(2335, 2332, 29527)
(2335, 2338, 30137)
(2338, 3297, 19664)
(2338, 2340, 11689)
(2338, 2335, 30137)
(2338, 2571, 17886)
(2339, 2361, 17053)
(2339, 2334, 30272)
(2339, 2341, 12684)
(2339, 3292, 16701)
(2340, 2338, 11689)
(2340, 2342, 9963)
(2341, 2343, 12252)
(2341, 2339, 12684)
(2342, 2340, 9963)
(2342, 2344, 9159)
(2343, 2345, 13242)
(2343, 2341, 12252)
(2344, 2342, 9159)
(2344, 2347, 10193)
(2345, 2346, 14284)
(2345, 2343, 13242)
(2346, 2439, 15340)
(2346, 2345, 14284)
(2347, 2344, 10193)
(2347, 2348, 11237)
(2348, 2347, 11237)
(2348, 2350, 12299)
(2350, 2348, 12299)
(2350, 2352, 13417)
(2351, 2353, 17590)
(2351, 2439, 16428)
(2352, 2350, 13417)
(2352, 2354, 14663)
(2353, 2355, 18886)
(2353, 2351, 17590)
(2354, 2352, 14663)
(2354, 2444, 16007)
(2355, 2680, 22140)
(2355, 2353, 18886)
(2355, 3044, 2706)
(2361, 2364, 17543)
(2361, 2339, 17053)
(2362, 2571, 18318)
(2362, 2363, 18800)
(2363, 2362, 18800)
(2363, 2366, 19302)
(2364, 2365, 18069)
(2364, 2361, 17543)
(2365, 2368, 18659)
(2365, 2364, 18069)
(2366, 2363, 19302)
(2366, 2367, 20000)
(2367, 2366, 20000)
(2367, 2370, 20744)
(2368, 2369, 19451)
(2368, 2365, 18659)
(2369, 2371, 20615)
(2369, 2368, 19451)
(2370, 2367, 20744)
(2370, 2372, 21656)
(2371, 2329, 37987)
(2371, 2369, 20615)
(2371, 3294, 19300)
(2372, 3299, 20135)
(2372, 2328, 42221)
(2372, 2370, 21656)
(2373, 2232, 50555)
(2373, 2376, 212666)
(2373, 2235, 170671)
(2374, 2375, 109972)
(2374, 2598, 43021)
(2374, 2233, 75687)
(2375, 2259, 111400)
(2375, 2374, 109972)
(2376, 2373, 212666)
(2376, 2258, 214172)
(2378, 2091, 53344)
(2378, 2380, 51732)
(2379, 2380, 50234)
(2379, 2382, 48866)
(2380, 2378, 51732)
(2380, 2379, 50234)
(2382, 2379, 48866)
(2382, 2617, 31133)
(2382, 1170, 24925)
(2382, 2096, 33108)
(2387, 1766, 21294)
(2387, 2680, 23704)
(2389, 2390, 11720)
(2389, 2941, 14114)
(2390, 2391, 9330)
(2390, 2389, 11720)
(2391, 2392, 6944)
(2391, 2390, 9330)
(2392, 3323, 4714)
(2392, 2391, 6944)
(2394, 2506, 16962)
(2394, 2112, 19350)
(2395, 2408, 18591)
(2395, 2112, 20983)
(2396, 2113, 21873)
(2396, 2397, 19481)
(2397, 2396, 19481)
(2397, 2207, 17089)
(2398, 2054, 7517)
(2398, 2058, 9803)
(2401, 2948, 5348)
(2401, 2403, 2938)
(2403, 2401, 2938)
(2403, 3322, 526)
(2406, 2616, 4692)
(2406, 2407, 2472)
(2407, 2406, 2472)
(2407, 2623, 512)
(2408, 2208, 16199)
(2408, 2395, 18591)
(2409, 2130, 6633)
(2409, 2676, 9025)
(2410, 2142, 17157)
(2410, 2147, 15569)
(2415, 2417, 18454)
(2415, 2052, 20040)
(2416, 2240, 20463)
(2416, 2418, 18939)
(2417, 2292, 16940)
(2417, 2415, 18454)
(2418, 2416, 18939)
(2418, 2289, 17437)
(2419, 2090, 13932)
(2419, 2292, 15432)
(2421, 2289, 15939)
(2421, 2038, 14455)
(2423, 1252, 6912)
(2423, 2425, 5450)
(2424, 2426, 5307)
(2424, 1253, 6749)
