(2, 1808, 2432)
(2, 1908, 4862)
(3, 1909, 32160)
(3, 1408, 31070)
(9, 1375, 3215)
(9, 2696, 385)
(9, 5123, 620)
(13, 1408, 2432)
(49, 1375, 2432)
(201, 1250, 10395)
(201, 1252, 8819)
(300, 3234, 33026)
(300, 3232, 30632)
(401, 4326, 6958)
(401, 403, 2647)
(401, 4323, 2107)
(402, 405, 4777)
(402, 404, 7171)
(403, 401, 2647)
(403, 406, 261)
(404, 402, 7171)
(404, 4324, 3105)
(404, 4325, 12466)
(405, 406, 2519)
(405, 402, 4777)
(406, 403, 261)
(406, 405, 2519)
(600, 4793, 47182)
(600, 4674, 45164)
(601, 4675, 38016)
(601, 4792, 40206)
(940, 5502, 352722)
(940, 4062, 173973)
(940, 5029, 187021)
(941, 5501, 2432)
(942, 5501, 2432)
(945, 4549, 58506)
(945, 3164, 17641)
(945, 3132, 112585)
(945, 4584, 20442)
(945, 4603, 107734)
(946, 4586, 99005)
(946, 4552, 107946)
(946, 4583, 12491)
(956, 5504, 2432)
(959, 4433, 23583)
(959, 5503, 4862)
(959, 4063, 30385)
(959, 4477, 24226)
(959, 5021, 23829)
(959, 4270, 65055)
(1001, 1007, 6658)
(1001, 1065, 4804)
(1002, 1066, 9448)
(1002, 1008, 10568)
(1005, 1008, 29224)
(1005, 1044, 27546)
(1007, 1069, 22437)
(1007, 1001, 6658)
(1007, 1749, 49255)
(1007, 1009, 69172)
(1008, 1010, 44756)
(1008, 1005, 29224)
(1008, 1002, 10568)
(1008, 1070, 21934)
(1009, 1007, 69172)
(1009, 1011, 70768)
(1010, 1012, 45862)
(1010, 1008, 44756)
(1011, 1009, 70768)
(1011, 1013, 72430)
(1012, 1014, 47128)
(1012, 1010, 45862)
(1013, 1011, 72430)
(1013, 1015, 74430)
(1014, 1016, 49070)
(1014, 1012, 47128)
(1015, 1013, 74430)
(1015, 1486, 76536)
(1016, 1487, 51126)
(1016, 1014, 49070)
(1017, 1841, 25797)
(1017, 1084, 8473)
(1017, 1019, 19185)
(1017, 2696, 67556)
(1017, 1117, 33489)
(1017, 1083, 8558)
(1017, 1091, 34983)
(1017, 2697, 57318)
(1017, 1020, 2346)
(1017, 1093, 123327)
(1017, 1085, 4471)
(1017, 1094, 38779)
(1018, 1276, 22374)
(1018, 1343, 20474)
(1019, 1017, 19185)
(1019, 1086, 16769)
(1020, 1085, 86)
(1020, 1017, 2346)
(1027, 1667, 7758)
(1027, 1030, 5436)
(1028, 1029, 5811)
(1028, 1668, 8175)
(1029, 1032, 3475)
(1029, 1028, 5811)
(1030, 1027, 5436)
(1030, 1031, 3126)
(1031, 1030, 3126)
(1031, 1109, 1690)
(1032, 1110, 1181)
(1032, 1029, 3475)
(1033, 1650, 4903)
(1033, 1036, 2557)
(1034, 1035, 27670)
(1034, 1649, 30028)
(1035, 1037, 25320)
(1035, 1034, 27670)
(1036, 1033, 2557)
(1036, 1038, 215)
(1037, 1811, 22972)
(1037, 1035, 25320)
(1038, 1036, 215)
(1038, 1811, 2631)
(1044, 1005, 27546)
(1044, 1055, 6408)
(1044, 1183, 19749)
(1044, 5123, 3953)
(1045, 1054, 8572)
(1045, 1182, 26825)
(1045, 5123, 13274)
(1045, 1749, 47183)
(1046, 1064, 10544)
(1046, 1816, 8728)
(1047, 1815, 10760)
(1047, 1063, 12540)
(1052, 1696, 4302)
(1052, 1057, 5632)
(1053, 1056, 4050)
(1053, 1660, 5632)
(1054, 1057, 7018)
(1054, 1045, 8572)
(1055, 1044, 6408)
(1055, 1056, 5228)
(1056, 1055, 5228)
(1056, 1053, 4050)
(1057, 1052, 5632)
(1057, 1054, 7018)
(1059, 2718, 33457)
(1059, 1061, 43051)
(1059, 1067, 14718)
(1060, 1344, 21215)
(1060, 1277, 23027)
(1061, 1059, 43051)
(1061, 1446, 5445)
(1061, 1407, 6350)
(1061, 1374, 20310)
(1061, 1741, 16704)
(1061, 1630, 48442)
(1062, 1445, 5775)
(1062, 2719, 10231)
(1062, 1631, 17138)
(1062, 1740, 15691)
(1062, 1406, 4511)
(1062, 1373, 16062)
(1063, 1047, 12540)
(1063, 2713, 14400)
(1064, 2718, 12702)
(1064, 1046, 10544)
(1065, 1001, 4804)
(1065, 1068, 6804)
(1065, 1077, 168)
(1066, 1067, 12594)
(1066, 1002, 9448)
(1066, 1078, 1304)
(1067, 1059, 14718)
(1067, 1066, 12594)
(1068, 1065, 6804)
(1068, 2719, 8818)
(1069, 1071, 20051)
(1069, 1007, 22437)
(1070, 1008, 21934)
(1070, 1072, 19554)
(1071, 1073, 17667)
(1071, 1069, 20051)
(1072, 1070, 19554)
(1072, 1074, 17172)
(1073, 1075, 15285)
(1073, 1071, 17667)
(1074, 1072, 17172)
(1074, 1076, 14798)
(1075, 1577, 12907)
(1075, 1073, 15285)
(1076, 1074, 14798)
(1076, 1576, 12428)
(1077, 1080, 3914)
(1077, 2696, 945)
(1077, 1065, 168)
(1077, 2719, 1365)
(1078, 2697, 657)
(1078, 1079, 3417)
(1078, 1066, 1304)
(1079, 1078, 3417)
(1079, 1081, 5095)
(1080, 1082, 5590)
(1080, 1077, 3914)
(1081, 1079, 5095)
(1081, 1083, 6853)
(1082, 1084, 7344)
(1082, 1080, 5590)
(1083, 1081, 6853)
(1083, 1017, 8558)
(1083, 1094, 247)
(1084, 1017, 8473)
(1084, 1082, 7344)
(1084, 1085, 803)
(1085, 1089, 2569)
(1085, 1020, 86)
(1085, 1094, 295)
(1085, 1017, 4471)
(1085, 1084, 803)
(1086, 1019, 16769)
(1086, 1090, 14387)
(1089, 1092, 195)
(1089, 1085, 2569)
(1090, 1086, 14387)
(1090, 1606, 12009)
(1091, 1017, 34983)
(1091, 1840, 36327)
(1092, 1094, 2293)
(1092, 1089, 195)
(1093, 1017, 123327)
(1093, 1118, 123799)
(1094, 1096, 34770)
(1094, 1092, 2293)
(1094, 1083, 247)
(1094, 1085, 295)
(1094, 1017, 38779)
(1095, 1606, 9637)
(1095, 1650, 7269)
(1096, 1649, 32396)
(1096, 1094, 34770)
(1109, 1031, 1690)
(1109, 1112, 3578)
(1110, 1111, 3025)
(1110, 1032, 1181)
(1111, 1114, 4957)
(1111, 1110, 3025)
(1112, 1109, 3578)
(1112, 1113, 5518)
(1113, 1112, 5518)
(1113, 1115, 7486)
(1114, 1116, 6933)
(1114, 1111, 4957)
(1115, 1113, 7486)
(1115, 1811, 9708)
(1116, 1811, 9159)
(1116, 1114, 6933)
(1117, 1120, 34173)
(1117, 1017, 33489)
(1118, 1093, 123799)
(1118, 1119, 125157)
(1119, 1118, 125157)
(1119, 1557, 126657)
(1120, 1558, 35617)
(1120, 1117, 34173)
(1121, 1558, 12212)
(1121, 1123, 9808)
(1122, 1124, 10364)
(1122, 1557, 12770)
(1123, 1121, 9808)
(1123, 1125, 7402)
(1124, 1126, 7958)
(1124, 1122, 10364)
(1125, 1123, 7402)
(1125, 1127, 7804)
(1126, 1128, 6104)
(1126, 1124, 7958)
(1127, 1125, 7804)
(1127, 1130, 8232)
(1128, 1129, 6524)
(1128, 1126, 6104)
(1129, 1131, 6972)
(1129, 1128, 6524)
(1130, 1127, 8232)
(1130, 1132, 8674)
(1131, 1133, 7424)
(1131, 1129, 6972)
(1132, 1130, 8674)
(1132, 1134, 9116)
(1133, 1135, 7996)
(1133, 1131, 7424)
(1134, 1132, 9116)
(1134, 1136, 10014)
(1135, 1137, 9474)
(1135, 1133, 7996)
(1136, 1134, 10014)
(1136, 1138, 11146)
(1137, 1139, 10976)
(1137, 1135, 9474)
(1138, 1136, 11146)
(1138, 1140, 12574)
(1139, 1560, 12508)
(1139, 1137, 10976)
(1140, 1138, 12574)
(1140, 1561, 14072)
(1143, 1539, 8877)
(1143, 1148, 10789)
(1144, 1148, 10120)
(1144, 1540, 8258)
(1147, 1840, 3553)
(1147, 2680, 237962)
(1147, 1568, 24058)
(1147, 1150, 27418)
(1147, 1542, 200743)
(1148, 1144, 10120)
(1148, 2678, 156684)
(1148, 1841, 61987)
(1148, 1149, 28270)
(1148, 1545, 47840)
(1148, 1569, 23502)
(1148, 1143, 10789)
(1149, 1151, 27064)
(1149, 1148, 28270)
(1150, 1147, 27418)
(1150, 1152, 26370)
(1151, 1699, 13395)
(1151, 1149, 27064)
(1151, 1154, 14135)
(1152, 1150, 26370)
(1152, 1153, 13224)
(1152, 1698, 15282)
(1153, 1152, 13224)
(1153, 1155, 11140)
(1154, 1156, 12637)
(1154, 1151, 14135)
(1155, 1153, 11140)
(1155, 1157, 9348)
(1156, 1158, 11433)
(1156, 1154, 12637)
(1157, 1155, 9348)
(1157, 1159, 8152)
(1158, 1160, 10397)
(1158, 1156, 11433)
(1159, 1157, 8152)
(1159, 1197, 7320)
(1160, 1198, 9417)
(1160, 1158, 10397)
(1161, 1197, 6848)
(1161, 1162, 6480)
(1162, 1161, 6480)
(1162, 1164, 6126)
(1163, 1165, 12793)
(1163, 1168, 10599)
(1164, 1162, 6126)
(1164, 1167, 8398)
(1165, 1166, 15011)
(1165, 1163, 12793)
(1166, 1174, 17265)
(1166, 1165, 15011)
(1167, 1164, 8398)
(1167, 1170, 10686)
(1168, 1163, 10599)
(1168, 1198, 8859)
(1170, 1167, 10686)
(1170, 1171, 26164)
(1170, 2382, 24974)
(1171, 1170, 26164)
(1171, 1173, 28360)
(1172, 1836, 82696)
(1172, 1340, 157286)
(1172, 1176, 77129)
(1172, 1174, 33749)
(1173, 1339, 101366)
(1173, 1837, 91281)
(1173, 1171, 28360)
(1173, 1177, 33097)
(1174, 1172, 33749)
(1174, 2095, 16918)
(1174, 1166, 17265)
(1176, 1179, 23730)
(1176, 1172, 77129)
(1176, 1180, 53593)
(1177, 1173, 33097)
(1177, 1181, 12539)
(1177, 1178, 22430)
(1178, 1177, 22430)
(1178, 1462, 20026)
(1179, 1463, 21326)
(1179, 1176, 23730)
(1180, 1465, 11155)
(1180, 1176, 53593)
(1180, 1599, 52030)
(1181, 1177, 12539)
(1181, 1600, 20692)
(1181, 1464, 21135)
(1182, 1741, 9724)
(1182, 1184, 35428)
(1182, 1045, 26825)
(1182, 5123, 4133)
(1183, 1243, 37765)
(1183, 1044, 19749)
(1183, 1740, 11883)
(1183, 5123, 12379)
(1184, 1182, 35428)
(1184, 1185, 33042)
(1185, 1184, 33042)
(1185, 1186, 30660)
(1186, 1185, 30660)
(1186, 1187, 28290)
(1187, 1186, 28290)
(1187, 1188, 25938)
(1188, 1187, 25938)
(1188, 1189, 23592)
(1189, 1188, 23592)
(1189, 1190, 21264)
(1190, 1189, 21264)
(1190, 1666, 18944)
(1191, 1192, 19013)
(1191, 1237, 21301)
(1192, 1193, 16735)
(1192, 1191, 19013)
(1193, 1903, 14459)
(1193, 1192, 16735)
(1194, 1234, 12094)
(1194, 2717, 4795)
(1194, 1199, 6243)
(1195, 2717, 2791)
(1195, 1196, 1783)
(1196, 1195, 1783)
(1196, 1903, 4059)
(1197, 1159, 7320)
(1197, 1161, 6848)
(1198, 1168, 8859)
(1198, 1160, 9417)
(1199, 1200, 3885)
(1199, 1194, 6243)
(1200, 1231, 1725)
(1200, 1199, 3885)
(1201, 1202, 4413)
(1201, 1231, 2799)
(1202, 1203, 6767)
(1202, 1201, 4413)
(1203, 1204, 20553)
(1203, 1202, 6767)
(1203, 1262, 155)
(1203, 1639, 12213)
(1204, 1205, 22867)
(1204, 1203, 20553)
(1205, 1206, 25189)
(1205, 1204, 22867)
(1206, 1216, 27519)
(1206, 1205, 25189)
(1207, 1208, 4806)
(1207, 1218, 7146)
(1208, 1261, 2472)
(1208, 1207, 4806)
(1210, 6018, 11924)
(1210, 6005, 9594)
(1211, 1212, 28348)
(1211, 1691, 25986)
(1212, 1213, 30722)
(1212, 1211, 28348)
(1213, 1216, 33096)
(1213, 1212, 30722)
(1214, 1223, 4797)
(1214, 1262, 2469)
(1215, 2698, 71608)
(1215, 1216, 69282)
(1216, 1215, 69282)
(1216, 1213, 33096)
(1216, 1206, 27519)
(1216, 1223, 7135)
(1217, 1218, 62805)
(1217, 2699, 65117)
(1218, 1207, 7146)
(1218, 1812, 2432)
(1218, 1224, 25296)
(1218, 1219, 26581)
(1218, 1217, 62805)
(1219, 1220, 24201)
(1219, 1218, 26581)
(1220, 1221, 21819)
(1220, 1219, 24201)
(1221, 1692, 19445)
(1221, 1220, 21819)
(1223, 1216, 7135)
(1223, 1214, 4797)
(1224, 1225, 22962)
(1224, 1218, 25296)
(1225, 1226, 20638)
(1225, 1224, 22962)
(1226, 1227, 18460)
(1226, 1261, 144)
(1226, 1225, 20638)
(1227, 1638, 10454)
(1227, 1226, 18460)
(1227, 1228, 6474)
(1228, 1229, 4746)
(1228, 1227, 6474)
(1229, 1230, 3262)
(1229, 1228, 4746)
(1230, 1232, 2212)
(1230, 1229, 3262)
(1231, 1201, 2799)
(1231, 1200, 1725)
(1232, 1233, 4416)
(1232, 1230, 2212)
(1233, 1904, 6764)
(1233, 1232, 4416)
(1234, 1235, 14372)
(1234, 1194, 12094)
(1235, 1666, 16652)
(1235, 1234, 14372)
(1237, 1191, 21301)
(1237, 1238, 23617)
(1238, 1237, 23617)
(1238, 1239, 25943)
(1239, 1238, 25943)
(1239, 1240, 28281)
(1240, 1239, 28281)
(1240, 1241, 30643)
(1241, 1240, 30643)
(1241, 1242, 33009)
(1242, 1241, 33009)
(1242, 1243, 35381)
(1243, 1242, 35381)
(1243, 1183, 37765)
(1246, 2206, 31549)
(1246, 2690, 30053)
(1248, 2203, 13633)
(1248, 1250, 11991)
(1249, 1251, 9723)
(1249, 2204, 11297)
(1250, 1248, 11991)
(1250, 201, 10395)
(1251, 1253, 8219)
(1251, 1249, 9723)
(1252, 201, 8819)
(1252, 2423, 7343)
(1253, 2424, 6745)
(1253, 1251, 8219)
(1258, 1259, 40390)
(1258, 2521, 41816)
(1259, 2542, 25574)
(1259, 2496, 5278)
(1259, 5105, 1412)
(1259, 1269, 25374)
(1259, 1258, 40390)
(1260, 2646, 131106)
(1260, 2647, 129686)
(1261, 1226, 144)
(1261, 1208, 2472)
(1262, 1214, 2469)
(1262, 1203, 155)
(1263, 2497, 5585)
(1263, 2582, 69337)
(1263, 5105, 1646)
(1263, 2647, 128360)
(1263, 1264, 64002)
(1264, 2542, 22026)
(1264, 2164, 17768)
(1264, 1263, 64002)
(1264, 1265, 79224)
(1265, 1264, 79224)
(1265, 1266, 77704)
(1266, 1265, 77704)
(1266, 1267, 76236)
(1267, 1266, 76236)
(1267, 1272, 74778)
(1268, 1273, 76934)
(1268, 1271, 78392)
(1269, 1270, 81346)
(1269, 1259, 25374)
(1269, 2165, 20706)
(1269, 2582, 67528)
(1270, 1271, 79858)
(1270, 1269, 81346)
(1271, 1268, 78392)
(1271, 1270, 79858)
(1272, 1267, 74778)
(1272, 1274, 73352)
(1273, 1275, 75516)
(1273, 1268, 76934)
(1274, 1272, 73352)
(1274, 1276, 71936)
(1275, 1277, 74102)
(1275, 1273, 75516)
(1276, 1274, 71936)
(1276, 1018, 22374)
(1276, 1280, 49454)
(1277, 1278, 50903)
(1277, 1275, 74102)
(1277, 1060, 23027)
(1278, 1279, 49431)
(1278, 1277, 50903)
(1279, 1282, 47957)
(1279, 1278, 49431)
(1280, 1276, 49454)
(1280, 1281, 47970)
(1281, 1280, 47970)
(1281, 1283, 46486)
(1282, 1284, 46493)
(1282, 1279, 47957)
(1283, 1281, 46486)
(1283, 1285, 45022)
(1284, 1287, 45033)
(1284, 1282, 46493)
(1285, 1283, 45022)
(1285, 1286, 43562)
(1286, 1285, 43562)
(1286, 1289, 42150)
(1287, 1288, 43585)
(1287, 1284, 45033)
(1288, 1290, 42179)
(1288, 1287, 43585)
(1289, 1286, 42150)
(1289, 1291, 40750)
(1290, 1292, 40783)
(1290, 1288, 42179)
(1291, 1289, 40750)
(1291, 1293, 39402)
(1292, 1294, 39441)
(1292, 1290, 40783)
(1293, 1291, 39402)
(1293, 1295, 38110)
(1294, 1296, 38231)
(1294, 1292, 39441)
(1295, 1293, 38110)
(1295, 1298, 37166)
(1296, 1297, 37485)
(1296, 1294, 38231)
(1297, 1299, 32453)
(1297, 1296, 37485)
(1297, 1416, 11038)
(1298, 1415, 13076)
(1298, 1300, 27144)
(1298, 1295, 37166)
(1299, 1371, 39221)
(1299, 1297, 32453)
(1299, 1301, 9142)
(1300, 1298, 27144)
(1300, 1302, 8521)
(1300, 1372, 34387)
(1301, 1304, 7372)
(1301, 1299, 9142)
(1302, 1300, 8521)
(1302, 1303, 8145)
(1303, 1302, 8145)
(1303, 1358, 8845)
(1304, 1357, 8088)
(1304, 1301, 7372)
(1319, 1320, 15972)
(1319, 1473, 17880)
(1320, 1323, 14110)
(1320, 1319, 15972)
(1321, 1472, 19719)
(1321, 1322, 17633)
(1322, 1321, 17633)
(1322, 1324, 15731)
(1323, 1326, 12298)
(1323, 1320, 14110)
(1324, 1322, 15731)
(1324, 1325, 13843)
(1325, 1324, 13843)
(1325, 1327, 12029)
(1326, 1328, 10532)
(1326, 1323, 12298)
(1327, 1325, 12029)
(1327, 1597, 10261)
(1328, 1596, 8856)
(1328, 1326, 10532)
(1335, 1336, 25317)
(1335, 1466, 23699)
(1336, 1340, 27211)
(1336, 1335, 25317)
(1337, 1468, 11323)
(1337, 1338, 12809)
(1338, 1337, 12809)
(1338, 1339, 14547)
(1339, 1370, 102961)
(1339, 1173, 101366)
(1339, 1338, 14547)
(1340, 1172, 157286)
(1340, 1369, 170613)
(1340, 1336, 27211)
(1341, 1371, 8339)
(1341, 1417, 8855)
(1342, 1418, 8038)
(1342, 1372, 7524)
(1343, 1018, 20474)
(1343, 1345, 18914)
(1344, 1346, 19641)
(1344, 1060, 21215)
(1345, 1343, 18914)
(1345, 1347, 17446)
(1346, 1348, 18163)
(1346, 1344, 19641)
(1347, 1345, 17446)
(1347, 1350, 15986)
(1348, 1349, 16687)
(1348, 1346, 18163)
(1349, 1351, 15227)
(1349, 1348, 16687)
(1350, 1347, 15986)
(1350, 1352, 14536)
(1351, 1354, 13815)
(1351, 1349, 15227)
(1352, 1350, 14536)
(1352, 1353, 13118)
(1353, 1352, 13118)
(1353, 1355, 11712)
(1354, 1356, 12413)
(1354, 1351, 13815)
(1355, 1353, 11712)
(1355, 1791, 10366)
(1356, 1792, 11071)
(1356, 1354, 12413)
(1357, 1791, 9036)
(1357, 1304, 8088)
(1358, 1303, 8845)
(1358, 1792, 9785)
(1359, 1362, 4724)
(1359, 1905, 6118)
(1360, 1906, 6063)
(1360, 1361, 4719)
(1361, 1360, 4719)
(1361, 1364, 3409)
(1362, 1363, 3402)
(1362, 1359, 4724)
(1363, 1366, 2200)
(1363, 1362, 3402)
(1364, 1361, 3409)
(1364, 1365, 2247)
(1365, 1364, 2247)
(1365, 1368, 105199)
(1365, 1478, 126892)
(1365, 1477, 24472)
(1366, 1367, 172957)
(1366, 1363, 2200)
(1366, 1476, 26437)
(1366, 1479, 196940)
(1367, 1369, 171743)
(1367, 1366, 172957)
(1368, 1365, 105199)
(1368, 1370, 104029)
(1369, 1340, 170613)
(1369, 1367, 171743)
(1370, 1368, 104029)
(1370, 1339, 102961)
(1371, 1374, 38716)
(1371, 1341, 8339)
(1371, 1299, 39221)
(1372, 1342, 7524)
(1372, 1373, 33735)
(1372, 1300, 34387)
(1373, 1372, 33735)
(1373, 1741, 17861)
(1373, 1062, 16062)
(1374, 1740, 19682)
(1374, 1371, 38716)
(1374, 1061, 20310)
(1375, 1803, 2432)
(1375, 2718, 23153)
(1375, 1804, 14318)
(1375, 9, 3215)
(1375, 49, 2432)
(1375, 1807, 2432)
(1376, 2183, 25582)
(1376, 2592, 103245)
(1376, 2203, 53060)
(1376, 2185, 22633)
(1377, 1485, 202384)
(1377, 2652, 203782)
(1378, 2653, 133672)
(1378, 1484, 132266)
(1400, 1597, 8649)
(1400, 1403, 7191)
(1401, 1402, 6176)
(1401, 1596, 7450)
(1402, 1404, 5312)
(1402, 1401, 6176)
(1403, 1400, 7191)
(1403, 1405, 6101)
(1404, 1407, 4586)
(1404, 1402, 5312)
(1405, 1403, 6101)
(1405, 1406, 5211)
(1406, 1405, 5211)
(1406, 1062, 4511)
(1407, 1061, 6350)
(1407, 1404, 4586)
(1408, 3, 31070)
(1408, 13, 2432)
(1408, 2713, 28852)
(1408, 1414, 17690)
(1409, 1411, 14098)
(1409, 1414, 15880)
(1410, 1413, 9098)
(1410, 1412, 10058)
(1411, 1416, 12336)
(1411, 1409, 14098)
(1412, 1410, 10058)
(1412, 1415, 11328)
(1413, 1810, 10500)
(1413, 1410, 9098)
(1414, 1409, 15880)
(1414, 1408, 17690)
(1415, 1412, 11328)
(1415, 1298, 13076)
(1416, 1297, 11038)
(1416, 1411, 12336)
(1417, 1341, 8855)
(1417, 2248, 9389)
(1418, 2247, 8574)
(1418, 1342, 8038)
(1435, 1437, 12603)
(1435, 1839, 14823)
(1436, 1838, 15807)
(1436, 1438, 13577)
(1437, 1439, 10453)
(1437, 1435, 12603)
(1438, 1436, 13577)
(1438, 1440, 11417)
(1439, 1651, 8381)
(1439, 1437, 10453)
(1440, 1438, 11417)
(1440, 1642, 9331)
(1441, 1642, 7305)
(1441, 1443, 5345)
(1442, 1444, 4385)
(1442, 1651, 6353)
(1443, 1441, 5345)
(1443, 1671, 3521)
(1444, 1672, 2851)
(1444, 1442, 4385)
(1445, 1447, 6923)
(1445, 1062, 5775)
(1446, 1061, 5445)
(1446, 1448, 6613)
(1447, 1669, 4695)
(1447, 1445, 6923)
(1447, 1450, 8018)
(1448, 1446, 6613)
(1448, 1449, 9266)
(1448, 1670, 6025)
(1449, 1448, 9266)
(1449, 1451, 10792)
(1450, 1452, 9552)
(1450, 1447, 8018)
(1451, 1449, 10792)
(1451, 1456, 12394)
(1452, 1453, 11106)
(1452, 1450, 9552)
(1453, 1454, 12706)
(1453, 1452, 11106)
(1454, 1458, 14388)
(1454, 1453, 12706)
(1456, 1451, 12394)
(1456, 1457, 14056)
(1457, 1456, 14056)
(1457, 1459, 15760)
(1458, 1460, 16166)
(1458, 1454, 14388)
(1459, 1457, 15760)
(1459, 1461, 17504)
(1460, 1462, 18024)
(1460, 1458, 16166)
(1461, 1459, 17504)
(1461, 1463, 19376)
(1462, 1178, 20026)
(1462, 1460, 18024)
(1463, 1461, 19376)
(1463, 1179, 21326)
(1464, 1181, 21135)
(1464, 1466, 22425)
(1465, 1468, 9731)
(1465, 1180, 11155)
(1466, 1335, 23699)
(1466, 1467, 5322)
(1466, 1464, 22425)
(1467, 1466, 5322)
(1467, 1470, 6428)
(1468, 1469, 5448)
(1468, 1465, 9731)
(1468, 1337, 11323)
(1469, 1471, 6242)
(1469, 1468, 5448)
(1470, 1467, 6428)
(1470, 1474, 22675)
(1470, 1472, 22131)
(1471, 1473, 20292)
(1471, 1469, 6242)
(1471, 1475, 20568)
(1472, 1470, 22131)
(1472, 1321, 19719)
(1473, 1319, 17880)
(1473, 1471, 20292)
(1474, 1470, 22675)
(1474, 1476, 24355)
(1475, 1477, 22340)
(1475, 1471, 20568)
(1476, 1474, 24355)
(1476, 1366, 26437)
(1477, 1365, 24472)
(1477, 1475, 22340)
(1478, 1480, 128198)
(1478, 1365, 126892)
(1479, 1366, 196940)
(1479, 1481, 198266)
(1480, 1482, 129512)
(1480, 1478, 128198)
(1481, 1479, 198266)
(1481, 1483, 199590)
(1482, 1484, 130858)
(1482, 1480, 129512)
(1483, 1481, 199590)
(1483, 1485, 200986)
(1484, 1378, 132266)
(1484, 1482, 130858)
(1485, 1483, 200986)
(1485, 1377, 202384)
(1486, 1841, 99314)
(1486, 1488, 27538)
(1486, 1015, 76536)
(1487, 1489, 60812)
(1487, 1016, 51126)
(1487, 1740, 9454)
(1488, 1486, 27538)
(1488, 1490, 28098)
(1489, 1491, 62398)
(1489, 1487, 60812)
(1490, 1488, 28098)
(1490, 1492, 28900)
(1491, 1493, 64136)
(1491, 1489, 62398)
(1492, 1490, 28900)
(1492, 1559, 16089)
(1492, 1494, 28029)
(1493, 1495, 14448)
(1493, 1491, 64136)
(1493, 1556, 52940)
(1494, 1556, 185195)
(1494, 1555, 193063)
(1494, 1492, 28029)
(1494, 1496, 5205)
(1495, 1497, 4442)
(1495, 1493, 14448)
(1495, 1554, 39502)
(1495, 1559, 35504)
(1496, 1494, 5205)
(1496, 1498, 5617)
(1497, 1499, 4866)
(1497, 1495, 4442)
(1498, 1496, 5617)
(1498, 1501, 6053)
(1499, 1500, 5356)
(1499, 1497, 4866)
(1500, 1538, 5918)
(1500, 1499, 5356)
(1501, 1498, 6053)
(1501, 1537, 6553)
(1504, 1506, 4413)
(1504, 1536, 2789)
(1505, 1535, 6600)
(1505, 1507, 8284)
(1506, 1509, 6433)
(1506, 1504, 4413)
(1507, 1505, 8284)
(1507, 1508, 10248)
(1508, 1507, 10248)
(1508, 1836, 12432)
(1509, 1837, 8753)
(1509, 1506, 6433)
(1510, 1513, 13478)
(1510, 1836, 15710)
(1511, 1837, 14017)
(1511, 1512, 11789)
(1512, 1511, 11789)
(1512, 1615, 12179)
(1513, 6190, 13886)
(1513, 1510, 13478)
(1529, 1839, 8150)
(1529, 1531, 6148)
(1530, 1532, 7767)
(1530, 1838, 9913)
(1531, 1529, 6148)
(1531, 1533, 4266)
(1532, 1534, 5677)
(1532, 1530, 7767)
(1533, 1531, 4266)
(1533, 1535, 5068)
(1534, 1536, 3773)
(1534, 1532, 5677)
(1535, 1533, 5068)
(1535, 1505, 6600)
(1536, 1504, 2789)
(1536, 1534, 3773)
(1537, 1501, 6553)
(1537, 1539, 7365)
(1538, 1540, 6750)
(1538, 1500, 5918)
(1539, 1537, 7365)
(1539, 1143, 8877)
(1540, 1144, 8258)
(1540, 1538, 6750)
(1542, 1544, 199119)
(1542, 1147, 200743)
(1543, 1545, 45918)
(1543, 1546, 44296)
(1544, 1547, 197625)
(1544, 1542, 199119)
(1545, 1148, 47840)
(1545, 1543, 45918)
(1546, 1543, 44296)
(1546, 1549, 42782)
(1547, 1548, 196199)
(1547, 1544, 197625)
(1548, 1550, 195077)
(1548, 1547, 196199)
(1549, 1546, 42782)
(1549, 1551, 41306)
(1550, 1552, 194219)
(1550, 1548, 195077)
(1551, 1549, 41306)
(1551, 1553, 40492)
(1552, 1555, 193487)
(1552, 1550, 194219)
(1553, 1551, 40492)
(1553, 1554, 39938)
(1554, 1553, 39938)
(1554, 1495, 39502)
(1555, 1494, 193063)
(1555, 1552, 193487)
(1556, 1557, 135449)
(1556, 1493, 52940)
(1556, 1494, 185195)
(1557, 1122, 12770)
(1557, 1556, 135449)
(1557, 1119, 126657)
(1558, 1559, 43123)
(1558, 1120, 35617)
(1558, 1121, 12212)
(1559, 1495, 35504)
(1559, 1558, 43123)
(1559, 1492, 16089)
(1560, 1562, 14280)
(1560, 1139, 12508)
(1561, 1140, 14072)
(1561, 1563, 15662)
(1562, 1565, 16290)
(1562, 1560, 14280)
(1563, 1561, 15662)
(1563, 1564, 17328)
(1564, 1563, 17328)
(1564, 1567, 19456)
(1565, 1566, 18690)
(1565, 1562, 16290)
(1566, 1569, 21096)
(1566, 1565, 18690)
(1567, 1564, 19456)
(1567, 1568, 21654)
(1568, 1567, 21654)
(1568, 1147, 24058)
(1569, 1148, 23502)
(1569, 1566, 21096)
(1576, 1076, 12428)
(1576, 1667, 10088)
(1577, 1668, 10539)
(1577, 1075, 12907)
(1596, 1401, 7450)
(1596, 1328, 8856)
(1597, 1327, 10261)
(1597, 1400, 8649)
(1599, 1630, 50208)
(1599, 1180, 52030)
(1600, 1181, 20692)
(1600, 1631, 18894)
(1606, 1090, 12009)
(1606, 1095, 9637)
(1608, 3360, 1980)
(1608, 2678, 452)
(1609, 3321, 2432)
(1615, 1512, 12179)
(1615, 1699, 12777)
(1630, 1061, 48442)
(1630, 1599, 50208)
(1631, 1600, 18894)
(1631, 1062, 17138)
(1637, 2147, 15350)
(1637, 2137, 6976)
(1637, 2149, 10656)
(1638, 1675, 8076)
(1638, 1227, 10454)
(1639, 1203, 12213)
(1639, 1676, 9831)
(1641, 2698, 2432)
(1642, 1440, 9331)
(1642, 1441, 7305)
(1649, 1034, 30028)
(1649, 1096, 32396)
(1650, 1095, 7269)
(1650, 1033, 4903)
(1651, 1442, 6353)
(1651, 1439, 8381)
(1660, 1053, 5632)
(1660, 1661, 7284)
(1661, 1660, 7284)
(1661, 1815, 9004)
(1666, 1190, 18944)
(1666, 1235, 16652)
(1667, 1576, 10088)
(1667, 1027, 7758)
(1668, 1028, 8175)
(1668, 1577, 10539)
(1669, 1671, 2807)
(1669, 1447, 4695)
(1670, 1448, 6025)
(1670, 1672, 4145)
(1671, 1443, 3521)
(1671, 1669, 2807)
(1672, 1670, 4145)
(1672, 1444, 2851)
(1675, 1677, 5702)
(1675, 1638, 8076)
(1676, 1639, 9831)
(1676, 1678, 7451)
(1677, 1679, 3334)
(1677, 1675, 5702)
(1678, 1676, 7451)
(1678, 1680, 5081)
(1679, 1681, 968)
(1679, 1677, 3334)
(1680, 1678, 5081)
(1680, 1682, 2713)
(1681, 1683, 2634)
(1681, 1679, 968)
(1682, 1680, 2713)
(1682, 1684, 681)
(1683, 1685, 4952)
(1683, 1681, 2634)
(1684, 1682, 681)
(1684, 1686, 2993)
(1685, 6005, 7272)
(1685, 1683, 4952)
(1686, 1684, 2993)
(1686, 2695, 5315)
(1687, 1689, 21280)
(1687, 6014, 18932)
(1688, 6013, 12353)
(1688, 1690, 14711)
(1689, 1691, 23632)
(1689, 1687, 21280)
(1690, 1688, 14711)
(1690, 1692, 17075)
(1691, 1211, 25986)
(1691, 1689, 23632)
(1692, 1690, 17075)
(1692, 1221, 19445)
(1696, 1697, 5528)
(1696, 1052, 4302)
(1697, 1816, 6986)
(1697, 1696, 5528)
(1698, 1152, 15282)
(1698, 6190, 14482)
(1699, 1615, 12777)
(1699, 1151, 13395)
(1708, 3052, 2432)
(1721, 3356, 2432)
(1723, 4529, 2432)
(1729, 6145, 2792)
(1729, 6204, 3342)
(1736, 4144, 185356)
(1736, 1738, 186550)
(1737, 1739, 268026)
(1737, 4143, 3363)
(1737, 4937, 263649)
(1738, 1736, 186550)
(1738, 4008, 166162)
(1738, 4009, 22142)
(1739, 4007, 243261)
(1739, 1737, 268026)
(1739, 4010, 26299)
(1740, 1183, 11883)
(1740, 1374, 19682)
(1740, 2697, 8800)
(1740, 1487, 9454)
(1740, 1062, 15691)
(1741, 1373, 17861)
(1741, 2696, 9581)
(1741, 1182, 9724)
(1741, 1061, 16704)
(1741, 1841, 12428)
(1742, 4073, 50205)
(1742, 4171, 102928)
(1742, 4265, 63066)
(1742, 3417, 1927)
(1743, 2581, 14763)
(1743, 3377, 14923)
(1749, 1045, 47183)
(1749, 1007, 49255)
(1766, 1768, 18900)
(1766, 2387, 21294)
(1768, 2941, 16506)
(1768, 1766, 18900)
(1770, 2919, 21306)
(1770, 1771, 18910)
(1771, 1770, 18910)
(1771, 1772, 16512)
(1772, 1771, 16512)
(1772, 2613, 14116)
(1776, 3459, 40107)
(1776, 3407, 38211)
(1777, 2245, 2763)
(1777, 8889, 3603)
(1778, 8888, 1731)
(1778, 2246, 2195)
(1790, 6030, 113754)
(1790, 1801, 45496)
(1790, 4808, 102382)
(1791, 1355, 10366)
(1791, 1357, 9036)
(1792, 1358, 9785)
(1792, 1356, 11071)
(1801, 1790, 45496)
(1801, 5086, 46478)
(1802, 2812, 20941)
(1802, 2248, 21567)
(1802, 2821, 3152)
(1803, 1375, 2432)
(1804, 1375, 14318)
(1804, 1810, 12404)
(1807, 1375, 2432)
(1808, 2, 2432)
(1809, 2247, 4747)
(1809, 2822, 5028)
(1809, 2820, 3081)
(1810, 1804, 12404)
(1810, 1413, 10500)
(1811, 1038, 2631)
(1811, 1116, 9159)
(1811, 1115, 9708)
(1811, 1037, 22972)
(1812, 1218, 2432)
(1815, 1661, 9004)
(1815, 1047, 10760)
(1816, 1046, 8728)
(1816, 1697, 6986)
(1821, 3401, 3964)
(1821, 3409, 6)
(1821, 3418, 4601)
(1821, 3420, 6)
(1821, 3486, 8690)
(1821, 3410, 3483)
(1825, 4664, 104)
(1825, 5111, 2432)
(1825, 2262, 4754)
(1836, 1838, 55926)
(1836, 1172, 82696)
(1836, 1508, 12432)
(1836, 1510, 15710)
(1837, 1173, 91281)
(1837, 1839, 72189)
(1837, 1509, 8753)
(1837, 1511, 14017)
(1838, 1530, 9913)
(1838, 1436, 15807)
(1838, 1840, 36286)
(1838, 1836, 55926)
(1839, 1837, 72189)
(1839, 1841, 60586)
(1839, 1435, 14823)
(1839, 1529, 8150)
(1840, 1091, 36327)
(1840, 1838, 36286)
(1840, 1147, 3553)
(1841, 1839, 60586)
(1841, 1017, 25797)
(1841, 1148, 61987)
(1841, 1741, 12428)
(1841, 1486, 99314)
(1903, 1196, 4059)
(1903, 1904, 9114)
(1903, 1193, 14459)
(1904, 1903, 9114)
(1904, 1233, 6764)
(1905, 1359, 6118)
(1905, 2652, 7516)
(1906, 2653, 7469)
(1906, 1360, 6063)
(1907, 2027, 10077)
(1907, 2028, 12485)
(1908, 2, 4862)
(1908, 2652, 7290)
(1909, 2653, 33984)
(1909, 3, 32160)
(2002, 2709, 268875)
(2002, 2032, 715153)
(2002, 2710, 31276)
(2002, 2814, 179699)
(2002, 2072, 79261)
(2002, 2815, 2432)
(2002, 2679, 306230)
(2002, 2716, 2432)
(2002, 2804, 2432)
(2003, 2032, 17113)
(2003, 2004, 14801)
(2004, 2003, 14801)
(2004, 2005, 12521)
(2005, 2004, 12521)
(2005, 2006, 10275)
(2006, 2005, 10275)
(2006, 2007, 8047)
(2007, 2006, 8047)
(2007, 2008, 6127)
(2008, 2007, 6127)
(2008, 2009, 6599)
(2009, 2008, 6599)
(2009, 2010, 7087)
(2010, 2009, 7087)
(2010, 2011, 7639)
(2011, 2010, 7639)
(2011, 2012, 8243)
(2012, 2011, 8243)
(2012, 2013, 9369)
(2013, 2012, 9369)
(2013, 2014, 10753)
(2014, 2013, 10753)
(2014, 2015, 12557)
(2015, 2014, 12557)
(2015, 3025, 14477)
(2016, 3019, 18975)
(2016, 2017, 16569)
(2017, 2016, 16569)
(2017, 2018, 14163)
(2018, 2017, 14163)
(2018, 2019, 11757)
(2019, 2018, 11757)
(2019, 2020, 11179)
(2020, 2019, 11179)
(2020, 2021, 10621)
(2021, 2020, 10621)
(2021, 2022, 10087)
(2022, 2021, 10087)
(2022, 2023, 9573)
(2023, 2022, 9573)
(2023, 2024, 9073)
(2024, 2023, 9073)
(2024, 2025, 8585)
(2025, 2024, 8585)
(2025, 2026, 8109)
(2026, 2025, 8109)
(2026, 2027, 7669)
(2027, 2026, 7669)
(2027, 1907, 10077)
(2028, 1907, 12485)
(2028, 2029, 14891)
(2029, 2028, 14891)
(2029, 2030, 17297)
(2030, 2029, 17297)
(2030, 2031, 19703)
(2031, 2030, 19703)
(2031, 2916, 81011)
(2031, 2033, 140247)
(2031, 2705, 68054)
(2031, 2706, 1969)
(2031, 2071, 55078)
(2032, 2002, 715153)
(2032, 2248, 854)
(2032, 2003, 17113)
(2032, 2593, 710804)
(2033, 5128, 73933)
(2033, 2031, 140247)
(2033, 2247, 1163)
(2033, 2218, 65603)
(2034, 2036, 8180)
(2034, 2675, 5872)
(2035, 2674, 3582)
(2035, 2037, 5926)
(2036, 2655, 10534)
(2036, 2034, 8180)
(2037, 2035, 5926)
(2037, 2039, 8328)
(2038, 2421, 19535)
(2038, 2173, 18057)
(2039, 2037, 8328)
(2039, 2041, 10730)
(2040, 2045, 31527)
(2040, 2655, 12936)
(2040, 2043, 3875)
(2040, 2477, 17374)
(2041, 2654, 17484)
(2041, 2042, 30048)
(2041, 2039, 10730)
(2042, 2041, 30048)
(2042, 2045, 32406)
(2043, 2044, 4889)
(2043, 2040, 3875)
(2044, 2290, 6257)
(2044, 2043, 4889)
(2045, 2042, 32406)
(2045, 2479, 63821)
(2045, 2040, 31527)
(2050, 2057, 11536)
(2050, 2053, 9240)
(2052, 2415, 20076)
(2052, 2249, 21768)
(2053, 2050, 9240)
(2053, 2073, 6954)
(2054, 2077, 4896)
(2054, 2398, 7112)
(2055, 2060, 16164)
(2055, 2057, 13844)
(2056, 2058, 11696)
(2056, 2059, 14002)
(2057, 2055, 13844)
(2057, 2050, 11536)
(2058, 2398, 9398)
(2058, 2056, 11696)
(2059, 2056, 14002)
(2059, 2062, 16318)
(2060, 2061, 18490)
(2060, 2055, 16164)
(2061, 2064, 20828)
(2061, 2060, 18490)
(2062, 2059, 16318)
(2062, 2063, 18642)
(2063, 2062, 18642)
(2063, 2066, 20976)
(2064, 2065, 23176)
(2064, 2061, 20828)
(2065, 2067, 25558)
(2065, 2064, 23176)
(2066, 2063, 20976)
(2066, 2068, 23354)
(2067, 2070, 27942)
(2067, 2065, 25558)
(2068, 2066, 23354)
(2068, 2069, 25736)
(2069, 2500, 31290)
(2069, 2071, 53150)
(2069, 2068, 25736)
(2070, 2072, 30344)
(2070, 2067, 27942)
(2071, 2069, 53150)
(2071, 2031, 55078)
(2072, 2002, 79261)
(2072, 2070, 30344)
(2072, 2499, 48111)
(2073, 2053, 6954)
(2073, 2076, 5672)
(2074, 2076, 4562)
(2074, 2674, 3900)
(2075, 2520, 1978)
(2075, 2077, 3360)
(2076, 2073, 5672)
(2076, 2074, 4562)
(2077, 2075, 3360)
(2077, 2054, 4896)
(2090, 2172, 12478)
(2090, 2419, 13968)
(2091, 2908, 2432)
(2091, 2378, 53448)
(2091, 2712, 120746)
(2091, 2814, 168080)
(2092, 2093, 46703)
(2092, 2916, 48839)
(2093, 2094, 45147)
(2093, 2092, 46703)
(2094, 2095, 43791)
(2094, 2093, 45147)
(2095, 2604, 30349)
(2095, 2094, 43791)
(2095, 1174, 16918)
(2095, 2453, 30886)
(2096, 2382, 33168)
(2096, 2098, 30792)
(2097, 2099, 26140)
(2097, 2453, 28512)
(2098, 2096, 30792)
(2098, 2100, 28418)
(2099, 2102, 23768)
(2099, 2097, 26140)
(2100, 2098, 28418)
(2100, 2101, 26044)
(2101, 2100, 26044)
(2101, 2104, 23714)
(2102, 2103, 21442)
(2102, 2099, 23768)
(2103, 2105, 19120)
(2103, 2102, 21442)
(2104, 2101, 23714)
(2104, 2106, 21390)
(2105, 2107, 16804)
(2105, 2103, 19120)
(2106, 2104, 21390)
(2106, 2108, 19068)
(2107, 2110, 14498)
(2107, 2105, 16804)
(2108, 2106, 19068)
(2108, 2109, 16756)
(2109, 2108, 16756)
(2109, 2111, 14446)
(2110, 2454, 12196)
(2110, 2107, 14498)
(2111, 2109, 14446)
(2111, 2457, 12148)
(2112, 2395, 19872)
(2112, 2205, 44834)
(2112, 2394, 20458)
(2112, 2198, 3054)
(2113, 2199, 1179)
(2113, 2513, 19126)
(2113, 2206, 43767)
(2113, 2396, 22010)
(2114, 2212, 22100)
(2114, 2116, 23794)
(2115, 2117, 38603)
(2115, 2213, 36969)
(2116, 2114, 23794)
(2116, 2504, 25588)
(2117, 2505, 40407)
(2117, 2115, 38603)
(2118, 2514, 14350)
(2118, 2121, 11966)
(2119, 2120, 13296)
(2119, 2506, 15682)
(2120, 2123, 10912)
(2120, 2119, 13296)
(2121, 2118, 11966)
(2121, 2122, 9582)
(2122, 2121, 9582)
(2122, 2125, 7198)
(2123, 2124, 8526)
(2123, 2120, 10912)
(2124, 2508, 6144)
(2124, 2123, 8526)
(2125, 2122, 7198)
(2125, 2507, 4816)
(2128, 2134, 1696)
(2128, 2130, 3468)
(2129, 2131, 5746)
(2129, 2133, 4184)
(2130, 2128, 3468)
(2130, 2409, 5522)
(2131, 2132, 7660)
(2131, 2129, 5746)
(2132, 2677, 10052)
(2132, 2131, 7660)
(2133, 2129, 4184)
(2133, 2136, 3290)
(2134, 2135, 3090)
(2134, 2128, 1696)
(2135, 2137, 4642)
(2135, 2134, 3090)
(2136, 2133, 3290)
(2136, 2138, 2530)
(2137, 1637, 6976)
(2137, 2135, 4642)
(2138, 2136, 2530)
(2138, 2139, 4860)
(2139, 2140, 10048)
(2139, 2148, 7726)
(2139, 2138, 4860)
(2140, 2139, 10048)
(2140, 2141, 11610)
(2141, 2140, 11610)
(2141, 2143, 13232)
(2142, 2510, 20198)
(2142, 2410, 18410)
(2143, 2141, 13232)
(2143, 2509, 15122)
(2144, 2509, 17506)
(2144, 2205, 19898)
(2145, 2206, 24974)
(2145, 2510, 22582)
(2147, 2410, 16822)
(2147, 1637, 15350)
(2148, 2139, 7726)
(2148, 2150, 6264)
(2149, 2151, 9192)
(2149, 1637, 10656)
(2150, 2148, 6264)
(2150, 2152, 4898)
(2151, 2153, 7850)
(2151, 2149, 9192)
(2152, 2150, 4898)
(2152, 2154, 6384)
(2153, 2155, 6538)
(2153, 2151, 7850)
(2154, 2152, 6384)
(2154, 2156, 8750)
(2155, 2157, 5812)
(2155, 2153, 6538)
(2156, 2154, 8750)
(2156, 2158, 11140)
(2157, 2159, 8202)
(2157, 2155, 5812)
(2158, 2156, 11140)
(2158, 2161, 13530)
(2159, 2160, 10592)
(2159, 2157, 8202)
(2160, 2162, 12984)
(2160, 2159, 10592)
(2161, 2158, 13530)
(2161, 2163, 15922)
(2162, 2164, 15376)
(2162, 2160, 12984)
(2163, 2161, 15922)
(2163, 2165, 18314)
(2164, 1264, 17768)
(2164, 2162, 15376)
(2165, 2163, 18314)
(2165, 1269, 20706)
(2166, 2494, 6976)
(2166, 2168, 8266)
(2167, 2169, 14023)
(2167, 2495, 12857)
(2168, 2166, 8266)
(2168, 2171, 9616)
(2169, 2170, 15277)
(2169, 2167, 14023)
(2170, 2173, 16609)
(2170, 2169, 15277)
(2171, 2168, 9616)
(2171, 2172, 11008)
(2172, 2171, 11008)
(2172, 2090, 12478)
(2173, 2038, 18057)
(2173, 2170, 16609)
(2182, 2679, 30861)
(2182, 2251, 28913)
(2183, 2249, 23614)
(2183, 1376, 25582)
(2184, 2679, 75775)
(2184, 2186, 74245)
(2185, 2187, 20965)
(2185, 1376, 22633)
(2186, 2184, 74245)
(2186, 2188, 72735)
(2187, 2189, 19453)
(2187, 2185, 20965)
(2188, 2186, 72735)
(2188, 2202, 71277)
(2189, 2591, 17989)
(2189, 2187, 19453)
(2190, 2193, 6704)
(2190, 2690, 9086)
(2191, 2201, 10961)
(2191, 2192, 8577)
(2192, 2191, 8577)
(2192, 2194, 6193)
(2193, 2195, 4336)
(2193, 2190, 6704)
(2194, 2192, 6193)
(2194, 2197, 3835)
(2195, 2196, 2368)
(2195, 2193, 4336)
(2196, 2198, 778)
(2196, 2195, 2368)
(2197, 2194, 3835)
(2197, 2199, 2195)
(2198, 2112, 3054)
(2198, 2196, 778)
(2199, 2197, 2195)
(2199, 2113, 1179)
(2200, 2820, 12606)
(2200, 2201, 64146)
(2200, 2589, 69104)
(2201, 2200, 64146)
(2201, 2202, 71587)
(2201, 2191, 10961)
(2202, 2201, 71587)
(2202, 2204, 4550)
(2202, 2188, 71277)
(2203, 2205, 42818)
(2203, 1248, 13633)
(2203, 1376, 53060)
(2203, 2591, 3921)
(2204, 2202, 4550)
(2204, 2206, 190169)
(2204, 1249, 11297)
(2204, 2679, 197850)
(2205, 2589, 68432)
(2205, 2203, 42818)
(2205, 2521, 43424)
(2205, 2112, 44834)
(2205, 2144, 19898)
(2205, 2438, 13272)
(2206, 2204, 190169)
(2206, 2145, 24974)
(2206, 2437, 15575)
(2206, 2113, 43767)
(2206, 1246, 31549)
(2206, 2646, 132680)
(2207, 2397, 17226)
(2207, 2210, 14832)
(2208, 2209, 12694)
(2208, 2408, 15088)
(2209, 2676, 10304)
(2209, 2208, 12694)
(2210, 2207, 14832)
(2210, 2677, 12442)
(2212, 2820, 20744)
(2212, 2114, 22100)
(2213, 2115, 36969)
(2213, 2821, 35505)
(2214, 2220, 48804)
(2214, 2556, 49332)
(2216, 2556, 49864)
(2216, 2217, 66712)
(2216, 2926, 115632)
(2217, 2216, 66712)
(2217, 2587, 4945)
(2217, 2218, 66305)
(2218, 2217, 66305)
(2218, 2033, 65603)
(2219, 2313, 103470)
(2219, 2288, 102678)
(2220, 2221, 48288)
(2220, 2214, 48804)
(2221, 2643, 47834)
(2221, 2220, 48288)
(2222, 2224, 33696)
(2222, 2643, 36080)
(2223, 2642, 35381)
(2223, 2225, 32995)
(2224, 2227, 31312)
(2224, 2222, 33696)
(2225, 2223, 32995)
(2225, 2226, 30607)
(2226, 2225, 30607)
(2226, 2228, 28219)
(2227, 2230, 28928)
(2227, 2224, 31312)
(2228, 2226, 28219)
(2228, 2229, 25831)
(2229, 2228, 25831)
(2229, 2451, 23443)
(2230, 2231, 26542)
(2230, 2227, 28928)
(2231, 2452, 24154)
(2231, 2230, 26542)
(2232, 2596, 51199)
(2232, 2373, 53447)
(2233, 2374, 79092)
(2233, 2234, 78166)
(2234, 2233, 78166)
(2234, 3360, 78554)
(2235, 3321, 394583)
(2235, 2373, 395865)
(2240, 2251, 27117)
(2240, 2416, 25543)
(2245, 2587, 2975)
(2245, 1777, 2763)
(2246, 1778, 2195)
(2246, 2586, 4489)
(2247, 8888, 15178)
(2247, 2033, 1163)
(2247, 1809, 4747)
(2247, 1418, 8574)
(2248, 1802, 21567)
(2248, 8889, 32516)
(2248, 1417, 9389)
(2248, 2032, 854)
(2249, 2052, 21768)
(2249, 2183, 23614)
(2251, 2182, 28913)
(2251, 2240, 27117)
(2254, 3263, 817439)
(2254, 2257, 818133)
(2255, 2256, 117840)
(2255, 3262, 116902)
(2256, 2259, 118902)
(2256, 2255, 117840)
(2257, 2254, 818133)
(2257, 2258, 819141)
(2258, 2376, 442156)
(2258, 3028, 1248088)
(2258, 3261, 40067)
(2258, 2257, 819141)
(2259, 3012, 226816)
(2259, 2256, 118902)
(2259, 3260, 20061)
(2259, 2375, 111643)
(2261, 2263, 8990)
(2261, 3474, 11404)
(2262, 4665, 7996)
(2262, 4664, 830)
(2262, 1825, 4754)
(2263, 5103, 4486)
(2263, 2261, 8990)
(2263, 4664, 2092)
(2264, 2303, 22435)
(2264, 2488, 24823)
(2265, 2487, 21736)
(2265, 2302, 19400)
(2266, 2269, 13865)
(2266, 2530, 13531)
(2267, 2531, 11082)
(2267, 2268, 11424)
(2268, 2267, 11424)
(2268, 2271, 11846)
(2269, 2270, 14239)
(2269, 2266, 13865)
(2270, 2272, 14629)
(2270, 2269, 14239)
(2271, 2268, 11846)
(2271, 2540, 12310)
(2272, 2273, 15103)
(2272, 2270, 14629)
(2273, 2275, 15623)
(2273, 2272, 15103)
(2274, 2540, 12828)
(2274, 2276, 13368)
(2275, 2291, 16179)
(2275, 2273, 15623)
(2276, 2274, 13368)
(2276, 2277, 13944)
(2277, 2276, 13944)
(2277, 2278, 14530)
(2278, 2277, 14530)
(2278, 2731, 15178)
(2279, 2730, 17339)
(2279, 2291, 16751)
(2280, 2282, 78739)
(2280, 2304, 78291)
(2281, 2305, 26366)
(2281, 2283, 26830)
(2282, 2284, 79219)
(2282, 2280, 78739)
(2283, 2281, 26830)
(2283, 2285, 27324)
(2284, 2286, 79711)
(2284, 2282, 79219)
(2285, 2283, 27324)
(2285, 2287, 27824)
(2286, 2642, 80205)
(2286, 2284, 79711)
(2287, 2285, 27824)
(2287, 2643, 28328)
(2288, 2219, 102678)
(2288, 2642, 102060)
(2289, 2418, 22517)
(2289, 2421, 21019)
(2290, 2293, 8041)
(2290, 2044, 6257)
(2291, 2279, 16751)
(2291, 2275, 16179)
(2292, 2419, 15468)
(2292, 2417, 16976)
(2293, 2294, 10331)
(2293, 2290, 8041)
(2294, 2296, 12623)
(2294, 2293, 10331)
(2295, 2480, 68395)
(2295, 2297, 70691)
(2296, 2482, 14929)
(2296, 2294, 12623)
(2297, 2295, 70691)
(2297, 2481, 72997)
(2298, 2299, 4364)
(2298, 2493, 2716)
(2299, 2670, 6128)
(2299, 2298, 4364)
(2300, 2672, 77635)
(2300, 2592, 79959)
(2301, 2814, 21895)
(2301, 2671, 19565)
(2302, 2265, 19400)
(2302, 2537, 17090)
(2303, 2539, 20049)
(2303, 2264, 22435)
(2304, 2280, 78291)
(2304, 3017, 77893)
(2305, 3022, 25954)
(2305, 2281, 26366)
(2306, 2731, 15898)
(2306, 2307, 17732)
(2307, 2306, 17732)
(2307, 2308, 19664)
(2308, 2307, 19664)
(2308, 2452, 21766)
(2313, 2595, 104492)
(2313, 2219, 103470)
(2328, 2372, 45113)
(2328, 2331, 46997)
(2329, 2330, 36251)
(2329, 2371, 34915)
(2330, 2598, 37847)
(2330, 2329, 36251)
(2331, 2328, 46997)
(2331, 2596, 49037)
(2332, 2617, 28974)
(2332, 2335, 29532)
(2333, 2334, 30535)
(2333, 2604, 29983)
(2334, 2339, 31147)
(2334, 2333, 30535)
(2335, 2332, 29532)
(2335, 2338, 30142)
(2338, 3297, 19921)
(2338, 2340, 12015)
(2338, 2335, 30142)
(2338, 2571, 18444)
(2339, 2361, 15961)
(2339, 2334, 31147)
(2339, 2341, 13416)
(2339, 3292, 16090)
(2340, 2338, 12015)
(2340, 2342, 10259)
(2341, 2343, 13608)
(2341, 2339, 13416)
(2342, 2340, 10259)
(2342, 2344, 8863)
(2343, 2345, 14598)
(2343, 2341, 13608)
(2344, 2342, 8863)
(2344, 2347, 9897)
(2345, 2346, 15640)
(2345, 2343, 14598)
(2346, 2439, 16696)
(2346, 2345, 15640)
(2347, 2344, 9897)
(2347, 2348, 10941)
(2348, 2347, 10941)
(2348, 2350, 12003)
(2350, 2348, 12003)
(2350, 2352, 13121)
(2351, 2353, 18946)
(2351, 2439, 17784)
(2352, 2350, 13121)
(2352, 2354, 14367)
(2353, 2355, 20242)
(2353, 2351, 18946)
(2354, 2352, 14367)
(2354, 2444, 15711)
(2355, 2680, 23496)
(2355, 2353, 20242)
(2355, 3044, 2706)
(2361, 2364, 16451)
(2361, 2339, 15961)
(2362, 2571, 18876)
(2362, 2363, 19358)
(2363, 2362, 19358)
(2363, 2366, 19860)
(2364, 2365, 16977)
(2364, 2361, 16451)
(2365, 2368, 17567)
(2365, 2364, 16977)
(2366, 2363, 19860)
(2366, 2367, 20558)
(2367, 2366, 20558)
(2367, 2370, 21302)
(2368, 2369, 18359)
(2368, 2365, 17567)
(2369, 2371, 19523)
(2369, 2368, 18359)
(2370, 2367, 21302)
(2370, 2372, 22214)
(2371, 2329, 34915)
(2371, 2369, 19523)
(2371, 3294, 17320)
(2372, 3299, 22469)
(2372, 2328, 45113)
(2372, 2370, 22214)
(2373, 2232, 53447)
(2373, 2376, 440650)
(2373, 2235, 395865)
(2374, 2375, 110215)
(2374, 2598, 39949)
(2374, 2233, 79092)
(2375, 2259, 111643)
(2375, 2374, 110215)
(2376, 2373, 440650)
(2376, 2258, 442156)
(2378, 2091, 53448)
(2378, 2380, 51836)
(2379, 2380, 50338)
(2379, 2382, 48970)
(2380, 2378, 51836)
(2380, 2379, 50338)
(2382, 2379, 48970)
(2382, 2617, 31128)
(2382, 1170, 24974)
(2382, 2096, 33168)
(2387, 1766, 21294)
(2387, 2680, 23704)
(2389, 2390, 11720)
(2389, 2941, 14114)
(2390, 2391, 9330)
(2390, 2389, 11720)
(2391, 2392, 6944)
(2391, 2390, 9330)
(2392, 3323, 4714)
(2392, 2391, 6944)
(2394, 2506, 18070)
(2394, 2112, 20458)
(2395, 2408, 17480)
(2395, 2112, 19872)
(2396, 2113, 22010)
(2396, 2397, 19618)
(2397, 2396, 19618)
(2397, 2207, 17226)
(2398, 2054, 7112)
(2398, 2058, 9398)
(2401, 2948, 5348)
(2401, 2403, 2938)
(2403, 2401, 2938)
(2403, 3322, 526)
(2406, 2616, 4692)
(2406, 2407, 2472)
(2407, 2406, 2472)
(2407, 2623, 512)
(2408, 2208, 15088)
(2408, 2395, 17480)
(2409, 2130, 5522)
(2409, 2676, 7914)
(2410, 2142, 18410)
(2410, 2147, 16822)
(2415, 2417, 18490)
(2415, 2052, 20076)
(2416, 2240, 25543)
(2416, 2418, 24019)
(2417, 2292, 16976)
(2417, 2415, 18490)
(2418, 2416, 24019)
(2418, 2289, 22517)
(2419, 2090, 13968)
(2419, 2292, 15468)
(2421, 2289, 21019)
(2421, 2038, 19535)
(2423, 1252, 7343)
(2423, 2425, 5881)
(2424, 2426, 5303)
